# Header: Project1::191205-PA-40-R-004 cleaned-Dil cleaned-Dil::All data::New Misorientation Profile Chart   2/13/2020
# 
Chart:  Misorientation Profile

Column 1: Distance [microns]
Column 2: Point-to-point Misorientation [degrees]
Column 3: Point-to-origin Misorientation [degrees]
0; 0; 0; 
10; 0.11535; 0.11535; 
20; 0.543926; 0.490986; 
26.4576; 0.377424; 0.431601; 
30; 0.331022; 0.424285; 
36.0555; 0.626201; 0.442348; 
45.8258; 0.332202; 0.557429; 
55.6777; 0.163129; 0.591491; 
65.5744; 0.100871; 0.657897; 
75.4984; 0.139882; 0.727393; 
81.8535; 0.223812; 0.904389; 
91.6515; 0.498108; 0.563712; 
101.489; 0; 0.563712; 
111.355; 0.499677; 0.88426; 
121.244; 0.256409; 0.878932; 
131.149; 0.197824; 1.00794; 
137.477; 0.172459; 1.05832; 
147.309; 0.447624; 1.42134; 
157.162; 0.41212; 1.48464; 
167.033; 0.362617; 1.51025; 
176.918; 0.268341; 1.46874; 
183.303; 0.265408; 1.60498; 
186.815; 0.307741; 1.34639; 
193.132; 0.276953; 1.49541; 
202.978; 0.326259; 1.56097; 
212.838; 0.203672; 1.54129; 
222.711; 0.118694; 1.46607; 
232.594; 0.729542; 1.92254; 
238.956; 0; 1.92254; 
242.487; 0.836499; 1.08858; 
248.797; 0.605226; 0.993078; 
258.65; 0; 0.993078; 
268.514; 0.377424; 1.26918; 
278.388; 0.30901; 1.05906; 
288.271; 0.557429; 1.38084; 
294.618; 0.247082; 1.31403; 
304.467; 0.203672; 1.47803; 
314.325; 0.514343; 1.3173; 
324.191; 0.191797; 1.31254; 
334.066; 0.366908; 1.51646; 
343.948; 0.262443; 1.39494; 
350.286; 0.181308; 1.26083; 
360.139; 0.372203; 1.45616; 
370; 0.442348; 1.14569; 
379.868; 0.698856; 1.75858; 
389.743; 0.181308; 1.7176; 
396.106; 0.121947; 1.7319; 
399.625; 0.340349; 1.59814; 
405.956; 0.713816; 1.77916; 
415.812; 0.828035; 1.69881; 
425.676; 0.567173; 2.10227; 
435.546; 0.389668; 1.85182; 
445.421; 0.578107; 2.22879; 
451.774; 0.663818; 1.62414; 
455.302; 1.21305; 2.70993; 
461.628; 0; 2.70993; 
471.487; 0.758988; 2.0445; 
481.352; 0.347179; 1.71418; 
491.223; 0.583498; 2.02255; 
501.099; 0.497322; 2.13735; 
507.445; 0.285305; 1.89672; 
517.301; 0.959812; 2.48916; 
527.162; 0.817571; 2.16175; 
537.029; 0.729542; 2.02178; 
546.9; 0.497322; 2.10784; 
556.776; 0.142653; 2.19678; 
563.116; 0.187672; 2.25932; 
572.975; 0.240663; 2.04545; 
582.838; 0.38563; 1.87597; 
592.706; 0.839767; 2.17978; 
602.578; 0.647705; 2.14101; 
608.933; 0; 2.14101; 
612.454; 0.381549; 2.43912; 
618.789; 0.402512; 2.26659; 
628.649; 0.414015; 2.06583; 
638.514; 0.567862; 2.08675; 
648.383; 0.431601; 2.25082; 
658.255; 0.336882; 2.43526; 
664.605; 0.325057; 2.27262; 
668.132; 0.285305; 2.21576; 
674.463; 0.26393; 2.10859; 
684.325; 0.373253; 2.38557; 
694.19; 0.274112; 2.58619; 
704.06; 0.148038; 2.49952; 
713.933; 0.251788; 2.32961; 
720.278; 0.570612; 2.05557; 
730.137; 0.317752; 2.31849; 
740; 0.203672; 2.42253; 
749.867; 0.0791294; 2.47243; 
759.737; 0.0791294; 2.43847; 
769.61; 0.422436; 2.11748; 
775.951; 0.294751; 1.86152; 
785.812; 0.342641; 2.19909; 
795.676; 0.213062; 2.1941; 
805.543; 0.191797; 2.18104; 
815.414; 0.392669; 2.24158; 
821.766; 0.176939; 2.11618; 
825.288; 0.272681; 2.26728; 
831.625; 0.0969133; 2.30681; 
841.487; 0.251788; 2.33465; 
851.352; 0.373253; 2.52941; 
861.22; 0.068528; 2.46768; 
871.091; 0.100871; 2.39702; 
877.439; 0.100871; 2.42979; 
880.965; 0.615485; 1.92742; 
887.299; 0.728468; 2.51092; 
897.162; 0.0395647; 2.48632; 
907.028; 0.121947; 2.4068; 
916.897; 0.0484566; 2.39146; 
926.769; 0.243893; 2.57222; 
933.113; 0.199792; 2.42721; 
942.974; 0.0395647; 2.39392; 
952.838; 0.170174; 2.48869; 
962.705; 0.205584; 2.31934; 
972.574; 0.153233; 2.45734; 
982.446; 0.214891; 2.65771; 
988.787; 0.128204; 2.5646; 
998.649; 0.262443; 2.72189; 
1008.51; 0.216705; 2.60023; 
1018.38; 0.271242; 2.65255; 
1028.25; 0.364769; 2.40908; 
1034.6; 0.104678; 2.46736; 
1038.12; 0.0791294; 2.50858; 
1044.46; 0.239031; 2.5591; 
1054.32; 0.373253; 2.90205; 
1064.19; 0.353878; 2.8484; 
1074.06; 0.0969133; 2.93732; 
1083.93; 0.0559529; 2.89989; 
1090.28; 0.400563; 2.68015; 
1093.8; 0.240663; 2.85142; 
1100.14; 0.111906; 2.96095; 
1110; 0.111906; 2.87943; 
1119.87; 0.121947; 2.91739; 
1129.73; 0.205584; 2.72362; 
1139.61; 0.197824; 2.88934; 
1145.95; 0.397621; 2.62778; 
1155.81; 0.150658; 2.54037; 
1165.68; 0.328649; 2.80212; 
1175.54; 0.0791294; 2.76683; 
1185.41; 0.176939; 2.70747; 
1195.28; 0.351659; 2.69588; 
1201.62; 0.381549; 2.8729; 
1211.49; 0.305187; 2.764; 
1221.35; 0.414015; 3.131; 
1231.22; 0.220287; 2.92998; 
1241.09; 0; 2.92998; 
1247.44; 0; 2.92998; 
1250.96; 0.619288; 3.40824; 
1257.3; 1.08426; 2.87004; 
1267.16; 0.736482; 3.21832; 
1277.03; 0.300014; 2.98675; 
 ;  ;  ; 
Average;  ;  ; 
Number; 0.328337; 2.03639; 
