# Header: Project1::191205-PA-40-R-004 cleaned-Dil cleaned-Dil::All data::New Misorientation Profile Chart   2/13/2020
# 
Chart:  Misorientation Profile

Column 1: Distance [microns]
Column 2: Point-to-point Misorientation [degrees]
Column 3: Point-to-origin Misorientation [degrees]
0; 0; 0; 
9.99992; 0.614212; 0.614212; 
20; 0.278362; 0.362617; 
26.4575; 0.0969133; 0.386643; 
36.0555; 0.459701; 0.729542; 
45.8258; 0.641635; 0.89613; 
55.6776; 0.413068; 1.00794; 
65.5743; 0.571298; 0.982778; 
75.4984; 0.197824; 0.901355; 
81.8536; 0.535223; 0.787333; 
91.6515; 0.306467; 0.648912; 
101.489; 0.0625573; 0.64589; 
111.355; 0.494956; 1.06202; 
121.243; 0.498893; 1.34727; 
127.671; 1.07374; 0.989129; 
131.149; 0.650118; 0.703322; 
137.477; 0.535223; 0.979188; 
147.309; 0.205584; 0.994653; 
157.162; 0.121947; 1.03552; 
167.033; 0.429783; 1.35162; 
176.918; 0.976386; 0.913431; 
183.303; 0.278362; 1.02182; 
193.132; 0.717643; 1.47724; 
202.978; 0; 1.47724; 
212.838; 0; 1.47724; 
222.711; 3.16805; 4.6121; 
229.129; 0.518133; 4.82613; 
232.594; 0.610377; 4.93277; 
238.956; 0.203672; 4.80938; 
248.797; 0.560928; 5.07003; 
258.65; 0.25793; 5.17203; 
268.514; 0.14537; 5.265; 
278.388; 3.95052; 2.11118; 
284.781; 0; 2.11118; 
294.618; 0; 2.11118; 
304.467; 0.924504; 2.93332; 
314.325; 0.0279765; 2.93332; 
324.191; 0.0279765; 2.93332; 
330.606; 0.50046; 3.42062; 
334.066; 0.176939; 3.40065; 
340.441; 0.189746; 3.56051; 
350.286; 1.06899; 3.00179; 
360.139; 0.537412; 3.47412; 
370; 0; 3.47412; 
379.868; 0.185575; 3.42794; 
386.264; 0.912574; 3.72015; 
396.106; 0.0625573; 3.67578; 
405.956; 0.366908; 3.56381; 
415.813; 0.282549; 3.74356; 
425.676; 0.53814; 3.57347; 
432.088; 0.729005; 3.70031; 
435.546; 0.969952; 3.3883; 
441.928; 0.407344; 3.45559; 
451.774; 0.729005; 3.3802; 
461.628; 1.03363; 3.34164; 
471.487; 2.26918; 4.64983; 
481.352; 0.0395647; 4.64823; 
487.75; 0.411169; 4.38758; 
497.594; 0.185575; 4.43129; 
507.445; 0.497322; 4.73466; 
517.301; 0.973576; 4.03973; 
527.162; 0.569239; 3.96022; 
533.573; 0.250229; 4.1947; 
537.029; 0.952855; 4.8022; 
543.415; 0.185575; 4.74252; 
553.263; 0.316518; 4.96751; 
563.116; 0.225554; 4.85946; 
572.975; 0.247082; 4.75242; 
582.838; 0.187672; 4.87025; 
589.237; 0.26393; 4.89265; 
599.083; 0.322641; 4.93896; 
608.934; 0; 4.93896; 
618.789; 0.306467; 5.0282; 
628.649; 0; 5.0282; 
638.514; 0.727393; 4.88166; 
644.903; 0.0969133; 4.83367; 
654.752; 0.131221; 4.9155; 
664.605; 0.243893; 4.8013; 
674.463; 0.0969133; 4.70869; 
684.325; 0.240663; 4.72928; 
690.724; 2.26987; 4.70661; 
700.571; 0.0279765; 4.70661; 
710.422; 0.751214; 5.17006; 
720.278; 0.223812; 5.15298; 
730.137; 0.401538; 5.55407; 
740; 0.223812; 5.37884; 
746.391; 0.321425; 5.18897; 
756.241; 0.405418; 5.23147; 
766.094; 0.155766; 5.36125; 
775.951; 0.285305; 5.24486; 
785.812; 0.377424; 5.01681; 
792.212; 0.201741; 5.15678; 
795.676; 0.708864; 5.81399; 
802.06; 0.0839294; 5.82692; 
811.911; 0.121947; 5.71621; 
821.766; 0.515862; 5.72574; 
831.625; 0.822344; 5.28194; 
841.487; 0.335718; 5.39616; 
847.88; 0.633038; 5.33429; 
857.73; 1.08498; 5.8063; 
867.583; 0.403483; 5.57281; 
877.439; 0.189746; 5.72752; 
887.299; 0.836499; 5.44561; 
893.7; 0.567862; 5.43524; 
897.162; 0.544645; 5.83029; 
903.549; 0.0559529; 5.84077; 
913.4; 0.775817; 5.19146; 
923.255; 0.550364; 5.49141; 
933.113; 0.418714; 5.81075; 
942.974; 0.2307; 5.58644; 
949.368; 0.565791; 6.14274; 
959.218; 0.158259; 6.29849; 
969.072; 0.068528; 6.24742; 
978.928; 0.195835; 6.22762; 
988.787; 0.358274; 6.56871; 
995.188; 0.613575; 6.18929; 
998.649; 0.981982; 6.83432; 
1005.04; 0.834156; 6.57134; 
1014.89; 0.935445; 7.24197; 
1024.74; 0.0740187; 7.20002; 
1034.6; 0.118694; 7.22846; 
1044.46; 0.2307; 7.1627; 
1050.86; 0.131221; 7.15728; 
1060.71; 0.366908; 6.95844; 
1070.56; 0.239031; 7.042; 
1080.42; 0.266879; 6.91756; 
1090.28; 0.282549; 6.92968; 
1096.68; 0.311533; 7.0633; 
1100.14; 0.237388; 6.97263; 
1106.53; 0.348305; 6.6965; 
1116.38; 0.581482; 6.92305; 
1126.23; 0.478881; 6.89256; 
1136.09; 0.538867; 7.10826; 
1145.95; 0.163129; 7.20263; 
1152.35; 0.276953; 6.92974; 
1162.2; 0.11535; 6.9751; 
1172.05; 0.250229; 6.93127; 
1181.91; 0.382573; 7.1151; 
1191.76; 0.302612; 7.02873; 
1198.17; 0.111906; 7.09091; 
1201.62; 0.553908; 6.97893; 
1208.01; 0.336882; 7.13058; 
1217.87; 0.29074; 7.18698; 
1227.72; 0.176939; 7.20073; 
1237.58; 0.185575; 7.2628; 
1247.44; 0.271242; 7.26539; 
1253.83; 0.167859; 7.2988; 
1263.69; 0.321425; 7.24235; 
1273.54; 0.351659; 7.3251; 
1283.39; 0.125115; 7.2826; 
1293.25; 0.211218; 7.12007; 
1303.11; 0.195835; 7.29014; 
1309.5; 1.05573; 7.93751; 
1319.36; 0.068528; 7.88605; 
1329.21; 0.139882; 7.83521; 
1339.07; 0.431601; 7.77567; 
1348.93; 0.335718; 7.88053; 
1355.32; 0.131221; 7.81926; 
1365.17; 0.521896; 7.37916; 
1375.03; 0.701092; 7.07718; 
1384.88; 1.944; 5.56007; 
1394.74; 1.95745; 7.04662; 
1404.6; 1.11627; 6.80354; 
1410.99; 0.66676; 6.60331; 
1420.84; 2.32793; 8.2302; 
1430.7; 0.456283; 7.77769; 
1440.56; 0.533759; 7.73426; 
1450.41; 0.216705; 7.6435; 
1456.81; 0.946674; 7.93301; 
1466.66; 0.779842; 7.56883; 
1476.52; 0.486985; 7.65781; 
1486.37; 0.448498; 7.26161; 
1496.23; 0.612298; 7.06219; 
1506.09; 0.530818; 7.26555; 
1512.48; 2.25394; 8.08017; 
1522.33; 1.26114; 7.91081; 
1532.19; 0; 7.91081; 
1542.04; 1.23099; 7.06758; 
1551.9; 0.817571; 7.86996; 
1558.3; 0.223812; 7.82403; 
1561.76; 0.223812; 7.86996; 
1568.15; 0.429783; 8.02341; 
1578.01; 0.784345; 8.72794; 
1587.86; 0.298707; 8.67317; 
1597.72; 0.418714; 8.91747; 
1607.58; 0.647705; 8.42035; 
1613.97; 0.546797; 8.80261; 
1623.82; 0.543926; 8.88321; 
1633.68; 0.470638; 8.69389; 
1643.53; 0.218503; 8.61691; 
1653.39; 0.424285; 8.99005; 
1659.79; 0.565099; 8.51917; 
1663.25; 0.410216; 8.82931; 
1669.64; 0.25793; 8.88095; 
1679.49; 0.148038; 8.94272; 
1689.35; 0.187672; 8.98463; 
1699.21; 1.99292; 10.0211; 
1709.06; 0.336882; 10.3525; 
1715.46; 0.0484566; 10.4007; 
1725.31; 0.373253; 10.0449; 
1735.17; 0.262443; 10.1143; 
1745.02; 0.356083; 10.3962; 
1754.88; 0.5028; 9.96395; 
1761.28; 0.100871; 9.92345; 
1764.74; 0.353878; 10.2066; 
1771.13; 0.100871; 10.1304; 
1780.98; 0.223812; 9.98765; 
1790.84; 0.609736; 10.3895; 
1800.69; 0.445872; 10.0813; 
1810.55; 0.2307; 10.0906; 
1816.95; 0.473126; 10.291; 
1826.8; 0.370094; 10.313; 
1836.65; 0.443231; 10.5849; 
1846.51; 0.397621; 10.3269; 
1856.37; 0.292083; 10.6186; 
1862.77; 0.11535; 10.5732; 
1866.23; 0.153233; 10.48; 
1872.62; 0.63919; 9.9527; 
1882.47; 0.827089; 10.3681; 
1892.33; 0.148038; 10.443; 
1902.18; 0.331022; 10.2757; 
1912.04; 0; 10.2757; 
1918.44; 0.460552; 10.7116; 
1928.29; 0.92196; 10.7332; 
1938.14; 0.806; 10.5757; 
1948; 0.664408; 10.9367; 
1957.86; 0.3743; 10.8831; 
1967.71; 0.889994; 10.4636; 
1974.11; 0.247082; 10.3808; 
1983.96; 0.163129; 10.286; 
1993.82; 0.222056; 10.2836; 
2003.67; 0.318981; 10.54; 
2013.53; 0.568551; 10.2212; 
2019.93; 0.466462; 10.2804; 
2029.78; 0.444994; 10.0966; 
2039.63; 0.279765; 10.1644; 
2049.49; 0.228997; 10.2466; 
2059.34; 0.254878; 10.4046; 
2069.2; 0.247082; 10.1937; 
2075.6; 0.262443; 10.2919; 
2085.45; 0.172459; 10.1225; 
2095.3; 0.24866; 10.1497; 
2105.16; 0.28116; 10.201; 
2115.02; 0.391671; 10.4048; 
2121.41; 0.364769; 10.1284; 
2131.27; 1.08101; 11.01; 
2141.12; 0.170174; 11.0381; 
2150.98; 0.316518; 11.2669; 
2160.83; 0.155766; 11.1254; 
2170.69; 0.222056; 11.2179; 
2177.09; 0.222056; 11.079; 
2186.94; 0.247082; 11.1968; 
2196.79; 0.137056; 11.2605; 
2206.65; 0.158259; 11.2917; 
2216.51; 0.0927874; 11.3722; 
2222.9; 0.38563; 11.0283; 
2226.36; 0.740193; 11.7347; 
2232.76; 0.427958; 11.3622; 
2242.61; 0.361536; 11.6778; 
2252.47; 0.205584; 11.8376; 
2262.32; 0.801619; 11.2695; 
2272.18; 1.7454; 12.3343; 
2278.57; 0.859118; 11.5894; 
2288.43; 0; 11.5894; 
2298.28; 0.689838; 11.9842; 
2308.14; 0.590167; 11.842; 
2317.99; 0.392669; 12.0454; 
2324.39; 0.243893; 11.8753; 
2327.85; 0.472298; 11.9743; 
2334.25; 1.12813; 12.8613; 
2344.1; 0.795247; 12.1961; 
2353.95; 0.48295; 11.8441; 
2363.81; 0.414015; 11.8672; 
2373.67; 0.306467; 12.0406; 
2380.06; 0.641635; 12.0142; 
2389.92; 0.655513; 11.651; 
2399.77; 0.652521; 12.0065; 
2409.63; 0.508219; 11.9922; 
2419.48; 0.185575; 11.9574; 
2425.88; 0.596105; 11.8472; 
2429.34; 0.633038; 11.9699; 
2435.73; 0.363695; 11.9469; 
2445.59; 0.282549; 11.7188; 
2455.44; 0.203672; 11.7963; 
2465.3; 0.682423; 12.2973; 
2475.16; 0.612298; 12.6225; 
2481.55; 0.843487; 11.9821; 
2491.41; 0.50513; 12.358; 
2501.26; 0.804056; 12.8127; 
2511.12; 0.51129; 13.0753; 
2520.97; 0.197824; 12.8782; 
2527.37; 0.61739; 12.3913; 
2530.83; 0.858206; 13.1827; 
2537.22; 1.53493; 11.9285; 
2547.08; 0.677242; 12.5757; 
2556.93; 0.569239; 13.1036; 
2566.79; 0.418714; 12.7314; 
2576.65; 0.2307; 12.5484; 
2583.04; 0.667346; 11.9283; 
2592.89; 0.748604; 11.3431; 
2602.75; 0.209357; 11.4484; 
2612.6; 0.239031; 11.4723; 
2622.46; 0.218503; 11.4904; 
2628.86; 0.602634; 11.1705; 
2632.32; 0.521145; 11.4772; 
2638.71; 0.163129; 11.4977; 
2648.57; 0.272681; 11.2987; 
2658.42; 0.392669; 10.9736; 
2668.28; 0.179137; 11.0707; 
2678.13; 0.0839294; 10.9907; 
2684.53; 0.163129; 10.8337; 
2694.38; 0.310274; 10.6165; 
2704.24; 2.82563; 10.3323; 
2714.09; 1.31849; 9.37027; 
2723.95; 0.955725; 9.16517; 
2733.81; 0.550364; 9.6048; 
2740.2; 0.167859; 9.74707; 
2750.05; 0.544645; 9.60513; 
2759.91; 0.214891; 9.53401; 
2769.77; 0; 9.53401; 
2779.62; 2.35119; 9.94455; 
2786.02; 0; 9.94455; 
2795.87; 0; 9.94455; 
2805.73; 0.999364; 10.32; 
2815.58; 0.311533; 10.2685; 
2825.44; 1.26671; 9.79007; 
2835.3; 1.12292; 10.3314; 
2841.69; 0.900486; 9.83431; 
2851.54; 0.618656; 10.0849; 
2861.4; 0.185575; 9.90445; 
2871.25; 0.642853; 10.2605; 
2881.11; 0.0279765; 10.2605; 
2887.51; 1.33354; 10.1296; 
2890.97; 0.836031; 9.99694; 
2897.36; 0.836031; 10.1296; 
2907.22; 0; 10.1296; 
2917.07; 0; 10.1296; 
2926.93; 1.85604; 9.22015; 
2936.78; 0.659085; 9.26476; 
2943.18; 0.45284; 9.62659; 
2953.03; 0.745461; 9.01607; 
2962.89; 0.380522; 9.07861; 
2972.74; 0.35718; 9.28514; 
2982.6; 0.137056; 9.33433; 
2989; 0.0559529; 9.31418; 
2992.46; 0.292083; 9.10394; 
2998.85; 0.329838; 8.78684; 
3008.7; 0.339197; 9.01663; 
3018.56; 0.307741; 8.89766; 
3028.42; 0.237388; 8.84109; 
3038.27; 1.24238; 8.88087; 
3044.67; 0.525632; 8.8052; 
3054.52; 0.211218; 8.912; 
3064.38; 0.342641; 8.65998; 
3074.23; 0.0484566; 8.65576; 
3084.09; 0.104678; 8.74062; 
3090.49; 0.137056; 8.73014; 
3093.95; 0.239031; 8.57721; 
3100.34; 0.225554; 8.63663; 
3110.19; 0; 8.62785; 
3120.05; 0.0279765; 8.6088; 
3129.9; 0.417778; 8.62753; 
3139.76; 0.543926; 8.57863; 
3146.16; 0.237388; 8.7013; 
3156.01; 0.100871; 8.74992; 
3165.86; 0.665585; 8.2165; 
3175.72; 0.640414; 8.59121; 
3185.58; 0.167859; 8.67602; 
3191.97; 0.239031; 8.55804; 
3195.43; 0.605226; 8.81844; 
3201.83; 0.437007; 8.56291; 
3211.68; 0.517377; 8.72335; 
3221.54; 0.92957; 8.22853; 
3231.39; 0.830866; 8.34868; 
3241.25; 0.253338; 8.21769; 
3247.65; 0.228997; 8.24755; 
3257.5; 0.378459; 8.53562; 
3267.35; 0.193827; 8.55511; 
3277.21; 0.642853; 8.14748; 
3287.07; 0.639802; 8.63863; 
3293.46; 0.225554; 8.586; 
3296.92; 0.456283; 8.26871; 
3303.32; 0.150658; 8.28347; 
3313.17; 0.383595; 8.10549; 
3323.03; 0.303902; 8.02365; 
3332.88; 0.311533; 8.2865; 
3342.74; 0.139882; 8.21076; 
3349.13; 0.256409; 8.3564; 
3358.99; 0.167859; 8.41186; 
3368.84; 0.323851; 8.16443; 
3378.7; 0.227282; 8.37377; 
3388.55; 0.321425; 8.1099; 
3398.41; 0.242283; 8.27982; 
3404.81; 0.418714; 8.55557; 
3414.66; 0.251788; 8.3748; 
3424.51; 0.488589; 8.5663; 
 ;  ;  ; 
Average;  ;  ; 
Number; 0.476994; 7.86503; 
