# Header: Project1::191205-PA-40-R-004 cleaned-Dil cleaned-Dil::All data::New Misorientation Profile Chart   2/13/2020
# 
Chart:  Misorientation Profile

Column 1: Distance [microns]
Column 2: Point-to-point Misorientation [degrees]
Column 3: Point-to-origin Misorientation [degrees]
0; 0; 0; 
9.99997; 0.333378; 0.333378; 
20; 0.195835; 0.318981; 
30; 0.100871; 0.325057; 
40; 0.359365; 0.223812; 
50; 0.816613; 0.926196; 
60; 0.438795; 0.669103; 
70; 0.25793; 0.618023; 
80; 0.413068; 0.536683; 
90; 0.482139; 0.842094; 
100; 0.484568; 0.797213; 
110; 0.636737; 1.28998; 
120; 0.0927874; 1.33998; 
130; 0.375344; 1.24929; 
140; 0.526376; 1.25803; 
150; 0.197824; 1.25242; 
155.242; 0.111906; 1.36056; 
160; 0.0740187; 1.35162; 
165.227; 0.104678; 1.28329; 
170; 0.272681; 1.46393; 
175.214; 0.336882; 1.20496; 
180; 0.239031; 1.29996; 
185.203; 0.262443; 1.405; 
190; 0.399585; 1.13918; 
195.192; 0.251788; 1.24866; 
200; 0.193827; 1.10571; 
205.183; 0.240663; 1.23131; 
215.174; 0.637965; 1.73821; 
225.167; 0.48618; 1.92783; 
235.16; 0.737013; 1.44184; 
245.153; 0.680701; 1.74294; 
255.147; 0.301316; 1.93472; 
265.141; 0.158259; 1.81467; 
275.136; 0.82377; 1.70433; 
285.132; 0.819961; 2.00818; 
295.127; 0.858662; 1.80059; 
305.123; 0.0839294; 1.79559; 
315.119; 0.424285; 1.8312; 
325.115; 0.301316; 1.90043; 
335.112; 0.361536; 1.74428; 
345.109; 0.615485; 2.25724; 
355.106; 0.315279; 1.99056; 
365.103; 0.61992; 2.53389; 
375.1; 1.24301; 2.07641; 
385.097; 0.409261; 1.67795; 
395.095; 0.247082; 1.47113; 
405.093; 0.512819; 1.94983; 
415.09; 0.155766; 1.84547; 
425.088; 0.118694; 1.74496; 
435.086; 0.125115; 1.75368; 
445.084; 0.414959; 2.03413; 
455.082; 1.28755; 2.08394; 
465.081; 0.62745; 1.95385; 
475.079; 0.211218; 1.99174; 
485.077; 0.48618; 1.75078; 
495.076; 0.99544; 1.94762; 
505.074; 0.476423; 1.67304; 
510.294; 0.408304; 2.00037; 
515.073; 0.891752; 1.88471; 
520.288; 0.335718; 2.19945; 
525.071; 0.207479; 2.2309; 
530.283; 0.584168; 2.40452; 
535.07; 0.125115; 2.28893; 
540.278; 0.187672; 2.34385; 
545.069; 0.350545; 2.46323; 
550.273; 0.227282; 2.41962; 
555.068; 0.50046; 2.09723; 
560.268; 0.397621; 2.42382; 
570.263; 0.331022; 2.26399; 
580.259; 0.13417; 2.29012; 
590.254; 2.93158; 4.44479; 
600.25; 0.859573; 3.98172; 
610.246; 0.269795; 3.76244; 
620.242; 0.997011; 4.05463; 
630.238; 0.629939; 3.71721; 
640.234; 1.18729; 4.15388; 
650.231; 0.220287; 4.17551; 
660.227; 0.213062; 4.2366; 
670.224; 0.344917; 4.09443; 
680.221; 0.714911; 4.56197; 
690.217; 1.60108; 3.92456; 
700.214; 0.660864; 4.55423; 
710.211; 0.396636; 4.39284; 
720.208; 0.724157; 4.54286; 
730.205; 0.321425; 4.43518; 
740.203; 0.586842; 4.12834; 
750.2; 2.73008; 6.6483; 
760.197; 0.118694; 6.6863; 
770.195; 0.682996; 6.22378; 
780.192; 0.344917; 6.30459; 
790.19; 0.62745; 6.7688; 
800.188; 0.711069; 6.95539; 
810.185; 0.548226; 6.52462; 
820.183; 1.25492; 7.7517; 
830.181; 0.87715; 7.01711; 
840.179; 0.558831; 7.36351; 
850.177; 2.07245; 9.04353; 
860.174; 0.0740187; 9.08523; 
865.39; 0.819961; 9.40364; 
870.172; 1.20008; 9.82847; 
875.386; 0.819961; 9.11895; 
880.17; 0.851798; 9.67959; 
885.381; 0.851798; 9.11895; 
890.169; 0.963474; 9.95432; 
895.377; 0.858662; 9.74796; 
900.167; 0.881156; 10.3975; 
905.373; 0.420579; 10.008; 
915.369; 0.714364; 9.47179; 
925.365; 2.45; 9.85461; 
935.361; 0; 9.85461; 
945.357; 0.593473; 9.63394; 
955.353; 0.523393; 9.82935; 
965.35; 0.954086; 9.6608; 
975.346; 0.737013; 9.02504; 
985.343; 0.218503; 8.8871; 
995.339; 0.216705; 8.94417; 
1005.34; 0.174713; 8.89934; 
1015.33; 0.621811; 9.12895; 
1025.33; 0.51129; 8.91403; 
1035.33; 0.648309; 8.96953; 
1045.32; 1.07119; 9.37836; 
1055.32; 0.326259; 9.34351; 
1065.32; 0.56023; 9.09859; 
1075.31; 0.29074; 9.23701; 
1085.31; 0.866827; 9.5955; 
1095.31; 0; 9.5955; 
1105.31; 0.859573; 9.06657; 
1115.3; 0.205584; 9.18543; 
1125.3; 0.438795; 9.57154; 
1135.3; 0.316518; 9.34805; 
1145.29; 0.422436; 9.73367; 
1155.29; 0.608451; 10.2092; 
1165.29; 0.0740187; 10.1581; 
1175.29; 0.288036; 10.2953; 
1185.28; 0.363695; 10.3072; 
1195.28; 0.318981; 10.1293; 
1205.28; 0.387654; 10.3297; 
1210.5; 0.0395647; 10.3008; 
1215.28; 0.751734; 10.5144; 
1220.49; 1.1586; 10.1133; 
1225.28; 0.623068; 10.6841; 
1230.49; 0.125115; 10.6359; 
1235.27; 0.570612; 10.2625; 
1240.48; 0.296075; 10.2308; 
1245.27; 0.285305; 10.5055; 
1250.48; 0.274112; 10.3443; 
1255.27; 0.29074; 10.4949; 
1260.48; 0.278362; 10.6991; 
1270.47; 0.298707; 10.8467; 
1280.47; 0.43341; 10.8738; 
1290.47; 0.565791; 11.0109; 
1300.46; 0.366908; 11.3684; 
1310.46; 0.259443; 11.2259; 
1320.45; 0.424285; 11.28; 
1330.45; 0.222056; 11.3441; 
1340.45; 0.463094; 11.3209; 
1350.44; 0.451108; 11.3201; 
1360.44; 0.390671; 11.338; 
1370.44; 0.800153; 11.0569; 
1380.43; 0.915998; 11.293; 
1390.43; 0.378459; 11.2388; 
1400.43; 0.70165; 11.3857; 
1410.43; 0.218503; 11.4844; 
1420.42; 0.378459; 11.7341; 
1430.42; 0.428872; 11.5125; 
1440.42; 0.262443; 11.6756; 
1450.41; 0.279765; 11.4818; 
1460.41; 0.23239; 11.5827; 
1470.41; 0.207479; 11.6688; 
1480.41; 0.172459; 11.6123; 
1490.4; 0.174713; 11.626; 
1500.4; 0.235734; 11.6571; 
1510.4; 0.297394; 11.5803; 
1520.39; 0.253338; 11.6721; 
1530.39; 0.0791294; 11.6219; 
1540.39; 0.0484566; 11.5903; 
1550.39; 0.316518; 11.5318; 
1560.38; 0.108352; 11.5821; 
1565.6; 0.30901; 11.5971; 
1570.38; 0.104678; 11.6619; 
1575.6; 0.331022; 11.5665; 
1580.38; 0.256409; 11.4692; 
1585.59; 0.240663; 11.5902; 
1590.38; 0.201741; 11.4292; 
1595.59; 0.213062; 11.4591; 
1600.38; 0.234068; 11.5813; 
1605.58; 0.150658; 11.5884; 
1610.37; 0.387654; 11.4816; 
1615.58; 0.314035; 11.5898; 
1625.58; 0.524887; 11.6178; 
1635.57; 0.111906; 11.682; 
1645.57; 0.439686; 11.4243; 
1655.57; 0.471469; 11.701; 
1665.56; 0.342641; 11.6303; 
1675.56; 0.160713; 11.4814; 
1685.56; 0.150658; 11.6153; 
1695.55; 0.185575; 11.6298; 
1705.55; 0.377424; 11.5628; 
1715.55; 0.189746; 11.5916; 
1725.54; 0.197824; 11.4463; 
1735.54; 0.185575; 11.3764; 
1745.54; 0.170174; 11.5186; 
1755.53; 0.176939; 11.4391; 
1765.53; 0.142653; 11.4354; 
 ;  ;  ; 
Average;  ;  ; 
Number; 0.476538; 6.874; 
