001/PA-40_001_8_y.txt
52.9149; 0.737013
451.8621; 0.803082
130.754; 0.735419
217.932; 0.702765
156.087; 0.756922
79.07; 0.709967
34.46; 1.40026

001/PA-40_001_8_x.txt
10.0; 0.703878
30.0; 1.03665
125.227; 1.35162

001/PA-40_001_7_y.txt
43.589; 0.728468
406.744; 0.735951
103.923; 0.732753
268.483; 0.767193

001/PA-40_001_7_x.txt
34.6409; 1.70042
69.7621; 0.758472
320.685; 0.72145
95.392; 0.789815
251.595; 0.805515
138.913; 0.772278
243.262; 2.25533

001/PA-40_001_6_y.txt
225.167; 0.883817
17.32; 0.977187
1013.343; 0.703322
173.19; 0.785343
17.32; 0.781847
129.95; 0.718188
363.84; 0.944605
147.14; 0.823295
69.28; 0.737544
398.46; 0.714364
121.24; 0.878932
173.19; 0.782847
51.96; 0.745461
242.59; 0.901789

001/PA-40_001_6_x.txt
20.0; 1.01914
20.0; 0.886911
90.0; 6.54748
870.15; 1.00717
20.0; 0.776321
365.09; 0.874021
209.97; 0.719821

001/PA-40_001_5_y.txt
9.99997; 1.01182
35.82583; 0.708864
19.7486; 0.714364
278.3736; 1.0408

001/PA-40_001_5_x.txt
30.0; 0.945019
60.0; 0.902657
165.147; 1.28573

001/PA-40_001_4_y.txt
10.0; 0.882044
24.641; 0.717097
529.363; 0.734354
78.102; 0.707759
17.288; 1.21627
17.289; 1.04005
43.525; 0.888234
190.781; 0.74651

001/PA-40_001_4_x.txt
355.106; 1.07666
39.989; 1.183
29.993; 1.16062

001/PA-40_001_3_y.txt
17.3205; 5.20684
69.8575; 5.41204
115.059; 1.96324
175.784; 1.59446
209.942; 0.986356
132.245; 0.841629
34.179; 1.13643
43.548; 0.847653

001/PA-40_001_3_x.txt
20.0; 0.874916
20.0; 0.8816
60.0; 1.13712
10.0; 0.742304
10.0; 0.916426
135.147; 2.96108
29.985; 2.91443
95.263; 0.735951
139.893; 1.32057

001/PA-40_001_2_y.txt
180.278; 2.15595
9.722; 0.810841
88.747; 0.906118

001/PA-40_001_2_x.txt
314.325; 0.792288
79.248; 0.757956
52.857; 0.813732
497.869; 1.94883
130.731; 0.796722
26.42; 0.895693
26.42; 0.735951
314.32; 0.766683
52.84; 0.705544
69.99; 1.23131
132.12; 0.986356

001/PA-40_001_1_y.txt
51.9615; 1.4161
17.3205; 1.68051
43.412; 0.760018
17.306; 0.701092
338.615; 0.909567

001/PA-40_001_1_x.txt
315.119; 0.703878
69.978; 0.831807
99.98; 0.782847
205.14; 0.725777
99.973; 0.788823

