# Header: Project1::190709-NaCl-PAT-19-7-007 cleaned-Dil cleaned-Dil::All data::New Misorientation Profile Chart   2/12/2020
# 
Chart:  Misorientation Profile

Column 1: Distance [microns]
Column 2: Point-to-point Misorientation [degrees]
Column 3: Point-to-origin Misorientation [degrees]
0; 0; 0; 
10; 0.381549; 0.381549; 
20; 0.155766; 0.457996; 
30; 0.409261; 0.426126; 
40; 0.361536; 0.34605; 
50; 0.131221; 0.344917; 
55.6776; 0.690405; 0.466462; 
60; 0.336882; 0.490986; 
65.5744; 0.416841; 0.801619; 
70; 0.843487; 0.203672; 
75.4983; 0.672021; 0.493372; 
85.44; 0.915998; 0.777329; 
95.3939; 1.13194; 0.56023; 
105.357; 0.240663; 0.53229; 
115.326; 0; 0.53229; 
125.3; 1.02488; 0.732219; 
135.277; 0.893505; 0.997796; 
145.258; 0.664408; 0.672021; 
155.242; 0.480513; 0.360452; 
165.227; 0.462248; 0.546797; 
175.214; 0.265408; 0.571982; 
180.831; 0.349426; 0.515862; 
185.203; 0.713267; 0.526376; 
190.788; 0.670272; 0.523393; 
195.192; 0.818527; 0.631801; 
200.749; 0.828035; 0.866375; 
210.713; 0.521896; 1.01182; 
220.681; 0.682423; 1.62823; 
230.651; 0.325057; 1.78158; 
240.624; 0.611018; 1.37515; 
250.599; 0.213062; 1.55318; 
260.576; 0.298707; 1.26671; 
270.555; 0.148038; 1.18927; 
280.535; 0.478063; 0.964286; 
290.517; 4.00839; 4.92919; 
300.5; 0.563018; 5.34456; 
306.105; 0.347179; 5.51313; 
310.483; 0.395648; 5.34141; 
316.07; 0.526376; 5.64577; 
320.468; 0.271242; 5.8401; 
326.037; 0.969952; 5.10768; 
336.006; 0.911716; 5.67906; 
345.977; 0.731149; 5.29306; 
355.949; 0.256409; 5.32075; 
365.923; 2.94477; 5.40037; 
375.899; 0.652521; 5.55845; 
385.876; 0.474778; 5.24994; 
395.854; 0.209357; 5.25949; 
405.832; 0.153233; 5.41276; 
415.812; 0.559531; 5.48984; 
425.793; 0.310274; 5.30023; 
431.393; 0.317752; 5.46709; 
435.775; 0.401538; 5.36418; 
441.362; 0.214891; 5.4069; 
445.758; 0.367973; 5.21308; 
451.331; 0.315279; 5.26105; 
461.302; 0.137056; 5.36951; 
471.275; 0.318981; 5.41964; 
481.248; 0.256409; 5.62323; 
491.223; 0.356083; 5.34053; 
501.199; 0.179137; 5.33054; 
511.175; 0.163129; 5.33017; 
521.153; 0.45024; 4.93324; 
531.131; 0.362617; 5.13446; 
541.11; 0.413068; 5.44734; 
551.09; 0.800153; 4.76436; 
561.07; 1.87137; 3.19046; 
566.657; 1.0423; 4.21213; 
571.052; 0.797703; 4.09213; 
576.628; 0.377424; 4.1158; 
586.6; 0.75537; 4.58475; 
596.574; 0.525632; 4.45474; 
606.548; 0.174713; 4.46616; 
616.523; 0.222056; 4.24519; 
626.498; 0.276953; 4.45791; 
636.475; 0.584168; 3.9991; 
646.452; 0.265408; 4.23022; 
656.43; 5.135; 3.73465; 
666.408; 0.604579; 4.23318; 
676.387; 0.531555; 4.1399; 
686.367; 0.409261; 4.12027; 
691.954; 0.620551; 3.99155; 
696.348; 0.565099; 4.02555; 
701.926; 0.153233; 4.16189; 
711.899; 0.153233; 4.20915; 
721.873; 0.596761; 4.32699; 
731.847; 0.473126; 4.02127; 
741.822; 0.155766; 4.12815; 
751.798; 0.782347; 4.16631; 
761.774; 1.30716; 4.66799; 
771.751; 0.29074; 4.8522; 
781.729; 0.440575; 4.47019; 
791.707; 0.603283; 4.4572; 
801.686; 0.498893; 4.90001; 
811.665; 0; 4.90001; 
817.251; 0.459701; 5.09016; 
821.645; 0.782347; 4.52359; 
827.224; 0.686426; 5.19305; 
837.198; 0.541041; 4.66548; 
847.172; 0.62244; 4.87452; 
857.146; 0.780845; 4.61091; 
867.122; 0.640414; 4.14047; 
877.097; 0.37115; 4.45421; 
887.074; 0.367973; 4.45351; 
897.051; 0.586842; 4.3704; 
907.028; 0.753814; 4.39311; 
917.006; 0.395648; 4.65749; 
926.984; 0.386643; 4.46142; 
936.963; 1.01876; 5.1086; 
942.55; 1.07046; 4.53872; 
946.942; 0.748604; 5.14643; 
952.523; 0.637351; 4.56326; 
962.497; 0.523393; 4.18385; 
972.471; 0.399585; 4.39543; 
982.446; 0.716552; 4.3382; 
992.421; 0; 4.3382; 
1002.4; 3.68142; 7.6862; 
1012.37; 0.952855; 6.99022; 
1022.35; 0; 6.99022; 
1032.33; 0.592153; 7.40481; 
1042.31; 0.767193; 7.43617; 
1052.28; 0.535223; 7.83802; 
1062.26; 0.748604; 7.49368; 
1067.85; 0.80794; 7.40406; 
1072.24; 0.348305; 7.47491; 
1077.82; 10.0223; 13.3342; 
1087.8; 0.808425; 13.2893; 
1097.77; 0.612936; 12.9271; 
1107.75; 0.763614; 13.4635; 
1117.72; 0.527119; 13.1737; 
1127.7; 0.325057; 13.4929; 
1137.67; 0.724698; 13.9711; 
1147.65; 0.62244; 13.8283; 
1157.63; 0.390671; 13.9282; 
1167.6; 0.927884; 13.9052; 
1177.58; 0.538867; 13.8798; 
1187.56; 0.343781; 14.0347; 
1193.15; 0.227282; 14.0408; 
1197.54; 0.619288; 14.6352; 
1203.12; 0.519641; 14.3961; 
1213.1; 0.591491; 14.9442; 
1223.07; 0.559531; 15.2618; 
1233.05; 0.30901; 15.1522; 
1243.02; 0.35718; 15.1731; 
1253; 0.419648; 15.0589; 
1262.97; 0.339197; 15.2515; 
1272.95; 0.195835; 15.0879; 
1282.93; 0.288036; 14.9046; 
1292.9; 1.06899; 15.5328; 
1302.88; 0.348305; 15.2977; 
1312.86; 0.292083; 15.1087; 
1318.45; 0.397621; 15.3905; 
1322.84; 0.683569; 15.2866; 
1328.42; 0.571298; 14.8685; 
1338.39; 0.354982; 14.88; 
1348.37; 0.70165; 15.0379; 
1358.34; 0.34605; 15.2672; 
1368.32; 0.440575; 15.4513; 
1378.3; 0.353878; 15.1844; 
1388.27; 0.339197; 15.229; 
1398.25; 0.189746; 15.3816; 
1408.23; 0.256409; 15.3242; 
1418.2; 0.315279; 15.2411; 
1428.18; 0.847191; 15.7699; 
1438.16; 5.42816; 13.674; 
1443.75; 0.546797; 13.6528; 
1448.14; 0.201741; 13.7882; 
1453.72; 0.240663; 13.5759; 
1463.69; 0.538867; 13.1032; 
1473.67; 0.288036; 13.3676; 
1483.64; 0.410216; 13.274; 
1493.62; 0.745986; 13.2177; 
1503.6; 0.364769; 13.3087; 
1513.57; 0.35718; 13.5331; 
1523.55; 3.1704; 11.8945; 
1533.53; 0.886028; 11.9134; 
1543.5; 0.552493; 12.0296; 
1553.48; 0.386643; 12.4011; 
1563.46; 0.712169; 11.9445; 
1569.04; 0.628696; 12.2076; 
1573.44; 0.62745; 12.2018; 
1579.02; 1.03098; 11.637; 
1583.41; 0.848576; 12.3107; 
1588.99; 0; 12.3107; 
1598.97; 0.906118; 11.8177; 
1608.94; 0.209357; 11.8056; 
1618.92; 0.732753; 12.4245; 
1628.9; 0.575393; 11.9201; 
1638.87; 0.704434; 12.382; 
1648.85; 0.742831; 12.3629; 
1658.82; 0.734886; 12.4126; 
1668.8; 0.446749; 12.076; 
1678.78; 0.491783; 11.868; 
1688.76; 0.699975; 12.4521; 
1694.34; 0.104678; 12.4751; 
1698.73; 0.556023; 12.1524; 
1704.32; 0.698856; 12.4388; 
1708.71; 0.795247; 11.6851; 
1714.29; 0.751214; 12.1485; 
1724.27; 0.543926; 12.476; 
1734.24; 0.558831; 12.2117; 
1744.22; 0.38563; 12.3744; 
1754.19; 0.899616; 13.0929; 
1764.17; 0; 13.0929; 
1774.15; 0.272681; 13.0942; 
1784.12; 0.494956; 13.1628; 
1794.1; 1.80385; 13.9278; 
1804.08; 0.533025; 13.5484; 
1814.06; 0.214891; 13.5497; 
1819.64; 0.181308; 13.4697; 
1824.03; 0.211218; 13.6532; 
1829.62; 0.262443; 13.5598; 
1834.01; 0.286674; 13.4154; 
1839.59; 0.587508; 13.9437; 
1849.57; 0.54894; 13.4244; 
1859.54; 0.205584; 13.3619; 
1869.52; 0.520394; 13.619; 
1879.49; 0.265408; 13.688; 
1889.47; 0.543926; 13.8082; 
1899.45; 0.723076; 13.854; 
1909.42; 0.386643; 13.5821; 
1919.4; 0.314035; 13.5203; 
1929.38; 0.441462; 13.5746; 
1939.36; 0.344917; 13.797; 
1944.94; 0.818049; 13.6406; 
1949.33; 0.990711; 13.5312; 
1954.92; 0.574713; 13.6598; 
1959.31; 0.335718; 13.5714; 
1964.89; 0.104678; 13.6561; 
1974.87; 0.691538; 13.7115; 
1984.84; 0.469806; 13.6894; 
1994.82; 0; 13.6894; 
2004.79; 1.0668; 14.653; 
2014.77; 0.735951; 15.3555; 
 ;  ;  ; 
Average;  ;  ; 
Number; 0.646308; 8.43566; 
