# Header: Project1::190709-NaCl-PAT-19-7-007 cleaned-Dil cleaned-Dil::All data::New Misorientation Profile Chart   2/12/2020
# 
Chart:  Misorientation Profile

Column 1: Distance [microns]
Column 2: Point-to-point Misorientation [degrees]
Column 3: Point-to-origin Misorientation [degrees]
0; 0; 0; 
10; 0.442348; 0.442348; 
20; 1.22972; 1.33354; 
30; 1.13952; 2.22792; 
40; 0.836031; 2.98963; 
50; 0.440575; 3.38495; 
60; 0.150658; 3.27931; 
70; 0.402512; 3.53646; 
80; 0.314035; 3.37464; 
90; 0.253338; 3.20002; 
95.3939; 0.440575; 3.36115; 
100; 0.323851; 3.27405; 
105.357; 0.276953; 3.51825; 
110; 0.285305; 3.71109; 
115.326; 0.503578; 3.97257; 
120; 0.473126; 3.64357; 
125.3; 0.426126; 3.27883; 
135.277; 0.302612; 3.47592; 
145.258; 0.121947; 3.41501; 
155.242; 0.63242; 3.76432; 
165.227; 0.602634; 4.01912; 
175.214; 0.521145; 4.04748; 
185.203; 0.201741; 4.19283; 
195.192; 0.349426; 4.37551; 
205.183; 0.369035; 4.14652; 
215.174; 0.240663; 3.92406; 
225.167; 0.225554; 4.1139; 
235.16; 0.458849; 4.51189; 
245.153; 0.45284; 4.08245; 
255.147; 0.298707; 4.2845; 
265.141; 0.276953; 4.13271; 
275.136; 0.191797; 4.11075; 
285.132; 0.415901; 4.03895; 
295.127; 0.213062; 4.17176; 
305.123; 0.0791294; 4.13669; 
315.119; 0.239031; 4.30111; 
320.468; 0.316518; 4.45914; 
325.115; 0.320206; 4.25542; 
330.454; 0.243893; 4.44832; 
335.112; 0.274112; 4.33603; 
340.441; 0.108352; 4.36197; 
345.109; 0.413068; 4.64772; 
350.428; 0.441462; 4.22827; 
360.416; 0.396636; 4.49553; 
370.405; 0.336882; 4.27416; 
380.395; 0.316518; 4.5138; 
390.384; 0.213062; 4.30411; 
400.375; 0.457996; 4.67914; 
410.366; 0.243893; 4.6901; 
420.357; 0.185575; 4.69444; 
430.349; 0.0625573; 4.6601; 
440.341; 0.347179; 4.99301; 
450.333; 0.0969133; 4.90544; 
460.326; 0.235734; 4.72539; 
470.319; 0.243893; 4.92466; 
480.312; 0.253338; 4.73615; 
490.306; 0.0559529; 4.75588; 
500.3; 0.185575; 4.88223; 
510.294; 0.223812; 4.97351; 
520.288; 0.262443; 4.85527; 
530.283; 0.148038; 4.85954; 
535.63; 0.153233; 4.93173; 
540.278; 0.068528; 4.91263; 
545.619; 0.318981; 4.74119; 
550.273; 0.297394; 4.94261; 
555.608; 0.213062; 4.91279; 
560.268; 0.245493; 4.78749; 
565.597; 0.195835; 4.94538; 
575.587; 0.225554; 4.75975; 
585.577; 0.29342; 4.87588; 
595.567; 0.189746; 4.91422; 
605.558; 0.316518; 5.16816; 
615.549; 0.427958; 4.83918; 
625.54; 0.125115; 4.74367; 
635.531; 0.176939; 4.7539; 
645.523; 0.316518; 5.01384; 
655.515; 0.179137; 4.88535; 
665.507; 0.205584; 4.74433; 
675.5; 0.203672; 4.88592; 
685.493; 0.118694; 4.99269; 
695.485; 0.131221; 4.95274; 
705.479; 0.125115; 4.90704; 
715.472; 0.0927874; 4.96215; 
725.465; 0.181308; 4.8357; 
735.459; 0.137056; 4.80245; 
745.453; 0.271242; 5.0592; 
755.447; 0.343781; 4.73574; 
760.789; 0.222056; 4.90313; 
765.441; 0.172459; 4.74392; 
770.779; 0.316518; 4.54571; 
775.435; 0.338041; 4.83156; 
780.769; 0.209357; 4.7651; 
785.43; 0.201741; 4.80065; 
790.759; 0.237388; 4.98327; 
800.75; 0.163129; 4.9159; 
810.74; 0.370094; 4.71692; 
820.731; 0.364769; 4.75077; 
830.723; 0.276953; 4.73681; 
840.714; 0.201741; 4.75044; 
850.706; 0.160713; 4.66304; 
860.697; 0.635506; 5.02055; 
870.689; 0.14537; 4.95425; 
880.682; 0.399585; 5.33671; 
890.674; 0.165511; 5.42679; 
900.666; 0.247082; 5.40138; 
910.659; 0.718188; 4.75019; 
920.652; 0.793276; 5.47976; 
930.645; 0.506677; 5.26753; 
940.638; 0.329838; 5.4546; 
950.631; 0.207479; 5.35269; 
960.625; 0.150658; 5.48605; 
970.618; 0.148038; 5.49176; 
980.612; 0.296075; 5.33392; 
985.951; 0.336882; 5.28357; 
990.606; 0.556727; 5.57492; 
995.942; 0.220287; 5.46615; 
1000.6; 0.240663; 5.50929; 
1005.93; 0.269795; 5.5422; 
1010.59; 0.569926; 5.1253; 
1015.92; 0.125115; 5.15305; 
1025.91; 0.269795; 5.26983; 
1035.91; 0.296075; 5.34625; 
1045.9; 0.316518; 5.21677; 
1055.89; 0.254878; 5.21639; 
1065.88; 0.118694; 5.24695; 
1075.87; 0.225554; 5.16877; 
1085.86; 0.288036; 5.24239; 
1095.86; 0.251788; 5.43862; 
1105.85; 0.262443; 5.18187; 
1115.84; 0.387654; 5.35335; 
1125.83; 0.121947; 5.46228; 
1135.83; 0.530818; 5.22525; 
1145.82; 0.265408; 5.23514; 
1155.81; 0.391671; 5.5364; 
1165.8; 0.268341; 5.78703; 
1175.8; 0.172459; 5.71882; 
1185.79; 0.203672; 5.89375; 
1195.78; 0.068528; 5.85745; 
1201.12; 0.328649; 5.73935; 
1205.78; 0.431601; 6.00786; 
1211.12; 0.370094; 5.81244; 
1215.77; 0.0884693; 5.74747; 
1221.11; 0.214891; 5.85049; 
1225.77; 0.347179; 5.51427; 
1231.1; 0.305187; 5.61562; 
1241.09; 0.749649; 6.25094; 
1251.08; 0.142653; 6.12458; 
1261.07; 0.288036; 5.85491; 
1271.06; 0.298707; 6.13731; 
1281.05; 0.24866; 6.2609; 
1291.05; 0.303902; 6.1644; 
1301.04; 0.588174; 6.33803; 
1311.03; 0.442348; 5.92096; 
1321.02; 0.296075; 5.68837; 
1331.01; 0.461401; 6.06113; 
1341.01; 0.262443; 5.82248; 
1351; 0.528601; 6.31112; 
1360.99; 0.592813; 5.77882; 
1370.99; 0.322641; 6.06217; 
1380.98; 0.0969133; 6.06598; 
1390.97; 0.23239; 6.12016; 
1400.96; 0.275536; 6.24893; 
1410.96; 0.553201; 6.01145; 
1420.95; 0.509757; 5.82315; 
1426.29; 0.434312; 6.05511; 
1430.94; 0.545364; 6.35268; 
1436.28; 0.223812; 6.19486; 
1440.94; 0.142653; 6.19524; 
1446.27; 0.181308; 6.27223; 
1450.93; 0.391671; 6.21552; 
1456.26; 0.250229; 6.23901; 
1466.25; 0.131221; 6.17787; 
1476.25; 0.234068; 6.0867; 
1486.24; 0.340349; 6.36717; 
1496.23; 0.325057; 6.17165; 
1506.22; 0.137056; 6.09854; 
1516.21; 0.29074; 5.81312; 
1526.2; 0.620551; 6.31597; 
1536.2; 0.142653; 6.17711; 
1546.19; 0.401538; 6.47284; 
 ;  ;  ; 
Average;  ;  ; 
Number; 0.308009; 4.96588; 
