# Header: Project1::191205-PA-40-R-001 cleaned-Dil cleaned-Dil::All data::New Misorientation Profile Chart   2/13/2020
# 
Chart:  Misorientation Profile

Column 1: Distance [microns]
Column 2: Point-to-point Misorientation [degrees]
Column 3: Point-to-origin Misorientation [degrees]
0; 0; 0; 
10; 0.262443; 0.262443; 
20; 1.01914; 1.13574; 
30; 0.79031; 1.35162; 
40; 0.886911; 0.556727; 
50; 0.95121; 1.391; 
60; 0.251788; 1.28877; 
70; 0.23239; 1.36888; 
80; 0.43341; 1.58437; 
90; 0.326259; 1.59814; 
100; 0.44937; 1.23638; 
110; 0.607807; 1.66718; 
120; 0.223812; 1.60498; 
130; 6.54748; 7.44155; 
140; 0.364769; 7.6908; 
150; 0.332202; 7.84793; 
160; 0.33455; 7.92816; 
170; 0.298707; 7.86322; 
180; 0.466462; 8.16707; 
190; 0.326259; 8.01058; 
200; 0.201741; 7.87011; 
210; 0.25793; 8.09672; 
220; 0.0791294; 8.1306; 
230; 0.0927874; 8.08876; 
240; 0.440575; 8.26577; 
245.153; 0.560928; 7.85483; 
250; 0.626826; 7.98687; 
255.147; 0.53814; 8.21066; 
260; 0.271242; 8.1036; 
265.141; 0.265408; 8.19606; 
270; 0.419648; 8.02727; 
275.136; 0.125115; 8.06412; 
280; 0.239031; 7.90266; 
285.132; 0.344917; 8.12615; 
290; 0.256409; 8.05218; 
295.127; 0.420579; 8.05081; 
300; 0.137056; 8.10903; 
305.123; 0.121947; 8.15996; 
310; 0.148038; 8.14594; 
315.119; 0.207479; 8.17625; 
320; 0.358274; 8.2698; 
325.115; 0.427958; 8.10734; 
335.112; 0.298707; 7.98416; 
345.109; 0.329838; 8.17875; 
355.106; 0.326259; 7.90137; 
365.103; 0.588174; 8.3998; 
375.1; 0.150658; 8.52825; 
385.097; 0.470638; 8.10075; 
395.095; 0.247082; 7.99768; 
405.093; 0.600031; 8.48448; 
415.09; 0.448498; 8.58261; 
425.088; 0.603931; 8.0843; 
435.086; 0.539592; 8.42101; 
445.084; 0.339197; 8.30879; 
455.082; 0.150658; 8.2406; 
465.081; 0.472298; 8.57666; 
475.079; 0.160713; 8.5087; 
485.077; 0.160713; 8.35151; 
495.076; 0.38563; 8.26277; 
505.074; 0.403483; 8.65803; 
515.073; 0.307741; 8.52281; 
525.071; 0.137056; 8.40747; 
535.07; 0.314035; 8.31423; 
545.069; 0.48295; 8.69511; 
555.068; 0.611658; 8.35687; 
565.066; 0.494956; 8.29645; 
575.065; 0.343781; 8.51438; 
585.064; 0.311533; 8.488; 
595.063; 0.442348; 8.27327; 
605.062; 0.29342; 8.40354; 
615.061; 0.170174; 8.33169; 
625.06; 0.214891; 8.48188; 
635.059; 0.0791294; 8.4449; 
645.058; 0.297394; 8.32254; 
655.057; 0.471469; 8.4574; 
665.056; 0.0884693; 8.48318; 
675.056; 0.473126; 8.62771; 
685.055; 0.285305; 8.44885; 
695.054; 0.265408; 8.63963; 
705.053; 0.148038; 8.53405; 
715.052; 0.367973; 8.42511; 
725.052; 0.165511; 8.46789; 
735.051; 0.163129; 8.60245; 
745.05; 0.243893; 8.65744; 
755.05; 0.125115; 8.5518; 
765.049; 0.148038; 8.67086; 
775.048; 0.303902; 8.5099; 
785.048; 0.289391; 8.62088; 
795.047; 0.0559529; 8.56694; 
800.188; 0.0395647; 8.60136; 
805.047; 0.131221; 8.49822; 
810.185; 0.285305; 8.70486; 
815.046; 0.256409; 8.87126; 
820.183; 0.541764; 8.55685; 
825.045; 0.347179; 8.78246; 
830.181; 0.163129; 8.6695; 
835.045; 0.139882; 8.56025; 
840.179; 0.176939; 8.62689; 
845.044; 0.271242; 8.77351; 
850.176; 0.286674; 8.61158; 
855.044; 0.197824; 8.61865; 
860.174; 0.167859; 8.70892; 
865.043; 0.403483; 9.04874; 
870.172; 0.328649; 8.74579; 
875.043; 0.401538; 8.45512; 
880.17; 0.205584; 8.44992; 
890.169; 0.266879; 8.2661; 
900.167; 0.485375; 8.69759; 
910.165; 0.526376; 8.80872; 
920.163; 0.199792; 8.87905; 
930.161; 0.276953; 9.01947; 
940.16; 0.51129; 8.56516; 
950.158; 0.496534; 8.08697; 
960.156; 0.560928; 8.62867; 
970.155; 0.131221; 8.57148; 
980.153; 0.508989; 9.08073; 
990.151; 0.650118; 8.68114; 
1000.15; 1.00717; 8.08167; 
1010.15; 1.05499; 9.05781; 
1020.15; 0.776321; 9.0806; 
1030.15; 0.389668; 8.83371; 
1040.14; 0.333378; 9.12481; 
1050.14; 0; 9.12481; 
1060.14; 0.434312; 9.13054; 
1070.14; 0.435213; 8.85628; 
1080.14; 0.491783; 8.81898; 
1090.14; 0.612936; 8.97842; 
1100.14; 0.29074; 9.17258; 
1110.14; 0.637965; 8.66388; 
1120.13; 0.447624; 8.95019; 
1130.13; 0.418714; 9.03714; 
1140.13; 0.320206; 9.14731; 
1150.13; 0.205584; 8.99171; 
1160.13; 0.512819; 8.55809; 
1170.13; 0.437007; 8.88577; 
1180.13; 0.172459; 8.84656; 
1190.13; 0.358274; 8.615; 
1200.13; 0.158259; 8.7723; 
1210.12; 0.176939; 8.68598; 
1220.12; 0.185575; 8.5075; 
1230.12; 0.658491; 9.05707; 
1240.12; 0.118694; 9.0813; 
1250.12; 0.288036; 9.0615; 
1260.12; 0.360452; 9.01676; 
1270.12; 0.139882; 9.0434; 
1280.12; 0.25793; 9.269; 
1290.12; 0.372203; 8.96151; 
1300.12; 0.148038; 9.06692; 
1310.11; 0.068528; 9.08813; 
1320.11; 0.303902; 8.811; 
1330.11; 0.234068; 9.03479; 
1340.11; 0.391671; 8.78371; 
1350.11; 0.564406; 9.02852; 
1360.11; 0.407344; 8.97417; 
1365.25; 0.268341; 8.98227; 
1370.11; 0.342641; 9.14117; 
1375.25; 0.513581; 8.64236; 
1380.11; 0.502021; 8.87932; 
1385.24; 0.874021; 9.02935; 
1390.11; 0.484568; 9.37274; 
1395.24; 0.403483; 9.00355; 
1400.11; 0.068528; 9.04261; 
1405.24; 0.444994; 8.78921; 
1410.11; 0.444994; 9.04261; 
1415.24; 0.62495; 9.09427; 
1420.11; 0.492578; 9.24765; 
1425.24; 0.65611; 9.47009; 
1430.1; 0.432507; 9.14942; 
1435.24; 0.153233; 9.25712; 
1440.1; 0.508219; 9.22884; 
1445.23; 0.303902; 9.04005; 
1455.23; 0.373253; 9.38205; 
1465.23; 0.670856; 9.28146; 
1475.23; 0.526376; 9.14482; 
1485.23; 0.361536; 9.50163; 
1495.23; 0.331022; 9.5848; 
1505.22; 0.536683; 9.29602; 
1515.22; 0.165511; 9.19877; 
1525.22; 0.358274; 9.43836; 
1535.22; 0.302612; 9.66491; 
1545.22; 0.259443; 9.51597; 
1555.22; 0.11535; 9.4955; 
1565.22; 0.481327; 9.22556; 
1575.21; 0.666172; 9.58591; 
1585.21; 0.686996; 9.35473; 
1595.21; 0.719821; 9.50407; 
1605.21; 0.546081; 9.73504; 
1615.21; 0.440575; 9.74191; 
1625.21; 0.4673; 10.1316; 
1635.21; 0.418714; 9.72389; 
1645.21; 0.193827; 9.58854; 
1655.2; 0.234068; 9.78758; 
1665.2; 0.148038; 9.66776; 
1675.2; 0.237388; 9.54794; 
1685.2; 0.364769; 9.81213; 
1695.2; 0.543926; 9.79051; 
1705.2; 0.191797; 9.62472; 
1715.2; 0.201741; 9.82275; 
1725.2; 0.181308; 9.77873; 
1735.19; 0.189746; 9.86745; 
1745.19; 0.158259; 9.80829; 
1755.19; 0.253338; 9.97342; 
1765.19; 0.225554; 9.97583; 
1775.19; 0.407344; 10.0869; 
1785.19; 0.447624; 9.90274; 
1795.19; 0.179137; 9.98564; 
1805.19; 0.185575; 10.0354; 
1815.19; 0.150658; 10.0396; 
1825.18; 0.0740187; 10.0697; 
1835.18; 0.0559529; 10.1103; 
1845.18; 0.211218; 10.012; 
1855.18; 0.328649; 10.0895; 
1865.18; 0.373253; 10.0513; 
1875.18; 0.583498; 10.1554; 
1885.18; 0.543926; 10.1575; 
1895.18; 0.298707; 10.0999; 
1905.18; 0.662047; 10.3817; 
1915.18; 0.191797; 10.3627; 
1925.18; 0.389668; 9.9967; 
1930.31; 0.499677; 10.4087; 
1935.17; 0.253338; 10.3062; 
1940.31; 0.137056; 10.3826; 
1945.17; 0.189746; 10.3241; 
1950.31; 0.3743; 10.4411; 
1955.17; 0.381549; 10.337; 
1960.31; 0.0839294; 10.4151; 
1965.17; 0.158259; 10.4098; 
1970.3; 0.0927874; 10.4472; 
1975.17; 0.576073; 10.3361; 
1980.3; 0.456283; 10.4856; 
1985.17; 0.0559529; 10.4833; 
1990.3; 0.0839294; 10.4736; 
1995.17; 0.275536; 10.3122; 
2000.3; 0.240663; 10.4736; 
2005.17; 0.125115; 10.5143; 
2010.3; 0.0884693; 10.553; 
2020.3; 0.222056; 10.4961; 
2030.3; 0.2307; 10.615; 
2040.29; 0.148038; 10.5016; 
2050.29; 0.205584; 10.4543; 
2060.29; 0.220287; 10.3145; 
2070.29; 0.409261; 10.6502; 
2080.29; 0.317752; 10.4066; 
2090.29; 0.160713; 10.4974; 
2100.29; 0.142653; 10.3919; 
2110.28; 0.285305; 10.6191; 
2120.28; 0.338041; 10.441; 
2130.28; 0.176939; 10.4615; 
2140.28; 0.205584; 10.6376; 
2150.28; 0.142653; 10.5752; 
2160.28; 0.218503; 10.6718; 
2170.28; 0.0839294; 10.6332; 
2180.28; 0.170174; 10.6363; 
2190.27; 0.111906; 10.6543; 
2200.27; 0.220287; 10.6819; 
2210.27; 0.29342; 10.5846; 
2220.27; 0.0625573; 10.6468; 
2230.27; 0.104678; 10.6042; 
2240.27; 0.25793; 10.5973; 
2250.27; 0.189746; 10.6262; 
2260.27; 0.187672; 10.6359; 
2270.26; 0.340349; 10.585; 
2280.26; 0.223812; 10.711; 
2290.26; 0.218503; 10.5894; 
2300.26; 0.137056; 10.493; 
2310.26; 0.185575; 10.6012; 
2320.26; 0.125115; 10.7048; 
2330.26; 0.125115; 10.615; 
2340.26; 0.209357; 10.619; 
2350.26; 0.179137; 10.5113; 
2360.25; 0.262443; 10.7552; 
2370.25; 0.163129; 10.6753; 
2380.25; 0.0559529; 10.7235; 
2390.25; 0.316518; 10.5501; 
2400.25; 0.234068; 10.5567; 
2410.25; 0.237388; 10.6288; 
2420.25; 0.111906; 10.6024; 
2430.25; 0.207479; 10.7672; 
2440.25; 0.223812; 10.5997; 
2450.24; 0.265408; 10.7765; 
2460.24; 0.207479; 10.9094; 
2470.24; 0.214891; 10.9286; 
2480.24; 0.243893; 10.9758; 
2485.38; 0.209357; 10.9671; 
2490.24; 0.300014; 11.19; 
2495.38; 0.251788; 10.9544; 
2500.24; 0.223812; 10.9627; 
2505.37; 0.176939; 11.136; 
2510.24; 0.297394; 10.8645; 
2515.37; 0.360452; 11.1373; 
2520.24; 0.104678; 11.1631; 
2525.37; 0.209357; 11.1586; 
2530.24; 0.111906; 11.0576; 
2535.37; 0.227282; 11.2448; 
2540.24; 0.185575; 11.1502; 
2545.37; 0.153233; 11.0466; 
2550.24; 0.527861; 11.53; 
2555.37; 0.563018; 11.0405; 
2560.23; 0.268341; 11.261; 
2565.37; 0.325057; 11.2528; 
2575.36; 0.111906; 11.1806; 
2585.36; 0.24866; 11.3199; 
2595.36; 0.245493; 11.2485; 
2605.36; 0.153233; 11.1474; 
2615.36; 0.274112; 11.3771; 
2625.36; 0.172459; 11.2301; 
2635.36; 0.228997; 11.4233; 
2645.35; 0.189746; 11.2465; 
2655.35; 0.137056; 11.2094; 
2665.35; 0.189746; 11.3254; 
2675.35; 0.111906; 11.322; 
2685.35; 0.193827; 11.2629; 
2695.35; 0.286674; 11.4192; 
2705.35; 0.213062; 11.5474; 
2715.35; 0.256409; 11.4032; 
2725.34; 0.183454; 11.2991; 
2735.34; 0.197824; 11.2132; 
2745.34; 0.125115; 11.2888; 
2755.34; 0.118694; 11.2326; 
2765.34; 0.218503; 11.2455; 
2775.34; 0.254878; 11.3313; 
2785.34; 0.142653; 11.202; 
2795.34; 0.411169; 11.5661; 
2805.33; 0.128204; 11.6573; 
 ;  ;  ; 
Average;  ;  ; 
Number; 0.330214; 9.21604; 
