# Header: Project1::190709-NaCl-PAT-19-7-008 cleaned-Dil cleaned-Dil::All data::New Misorientation Profile Chart   2/12/2020
# 
Chart:  Misorientation Profile

Column 1: Distance [microns]
Column 2: Point-to-point Misorientation [degrees]
Column 3: Point-to-origin Misorientation [degrees]
0; 0; 0; 
10; 0.818527; 0.818527; 
20; 0.292083; 0.74441; 
30; 0.586842; 1.18663; 
40; 0.416841; 1.00988; 
50; 0.181308; 0.873573; 
60; 0.29074; 0.955725; 
70; 0.0839294; 0.873125; 
80; 0.366908; 0.941284; 
90; 0.321425; 0.878487; 
100; 0.303902; 1.05647; 
110; 0.209357; 0.924504; 
120; 0.314035; 1.15284; 
130; 0.521896; 1.11206; 
140; 0.399585; 0.766172; 
150; 0.689838; 1.10959; 
160; 0.176939; 1.04155; 
170; 0.181308; 1.09002; 
180; 0.332202; 0.956135; 
190; 0.370094; 1.12257; 
200; 0.379492; 0.910857; 
210; 0.37115; 1.08426; 
220; 0.179137; 1.09217; 
230; 0.272681; 1.23701; 
240; 0.358274; 0.94626; 
250; 0.150658; 1.09361; 
260; 0.0969133; 1.16533; 
270; 0.068528; 1.21981; 
280; 0.0740187; 1.2082; 
290; 0.199792; 1.19058; 
300; 0.29074; 1.22397; 
310; 0.356083; 1.12396; 
320; 0.243893; 0.892629; 
330; 0.254878; 1.13436; 
340; 0.068528; 1.1409; 
350; 0.35718; 1.40054; 
360; 0.48376; 1.19419; 
370; 0.189746; 1.10323; 
380; 0.469806; 1.45266; 
390; 0.512819; 1.03929; 
400; 0.207479; 1.22109; 
410; 0.451108; 1.2921; 
420; 1.00911; 0.621811; 
430; 1.0561; 1.33472; 
440; 0.397621; 1.29362; 
450; 0.199792; 1.11943; 
460; 0.268341; 1.38762; 
470; 0.492578; 1.67585; 
480; 0.14537; 1.53672; 
490; 0.251788; 1.67538; 
500; 0.251788; 1.55922; 
510; 0.201741; 1.65682; 
520; 0.167859; 1.76103; 
530; 0.185575; 1.5819; 
540; 0.274112; 1.57967; 
550; 0.561626; 1.84568; 
560; 0.681849; 1.53366; 
570; 0.554614; 1.84907; 
580; 0.286674; 1.62027; 
585.064; 0.375344; 1.81661; 
590; 0.340349; 1.81768; 
595.063; 0.259443; 1.88429; 
600; 0.321425; 1.85245; 
605.062; 0.172459; 1.78794; 
610; 0.068528; 1.77476; 
615.061; 0.223812; 1.60083; 
620; 0.464781; 2.04181; 
625.06; 0.517377; 1.84716; 
630; 0.481327; 1.94481; 
635.059; 0.343781; 1.95965; 
640; 0.4673; 2.07207; 
645.058; 0.223812; 1.90742; 
650; 0.0969133; 1.86949; 
655.057; 0.108352; 1.87242; 
660; 0.442348; 1.73506; 
665.056; 0.125115; 1.84822; 
670; 0.297394; 1.88138; 
675.056; 0.429783; 1.8071; 
680; 0.170174; 1.86509; 
685.055; 0.394657; 2.15504; 
690; 0.761562; 1.3955; 
695.054; 0; 1.3955; 
700; 0.381549; 1.70892; 
705.053; 0.481327; 2.07188; 
710; 0.349426; 1.84441; 
715.052; 0.338041; 1.72374; 
720; 0.748604; 2.10896; 
725.052; 0.552493; 2.01285; 
730; 0.366908; 1.98938; 
735.051; 0.35277; 1.93593; 
740; 0.329838; 1.89217; 
745.05; 0.349426; 1.73257; 
750; 0.367973; 1.81251; 
755.05; 0.389668; 1.71692; 
760; 0.492578; 2.055; 
765.049; 0.268341; 1.89981; 
770; 0.223812; 1.91172; 
775.048; 0.327456; 2.0148; 
780; 0.468972; 1.87263; 
785.048; 0.589503; 2.06431; 
795.047; 0.298707; 1.83141; 
805.047; 0.327456; 2.03548; 
815.046; 0.397621; 2.04717; 
825.045; 0.440575; 2.16988; 
835.045; 0.533025; 1.82156; 
845.044; 0.285305; 1.74809; 
855.044; 0.848114; 2.5496; 
865.043; 0.318981; 2.26814; 
875.043; 0.305187; 2.00076; 
885.042; 0.131221; 2.04584; 
895.042; 0.0884693; 1.98741; 
905.041; 0.518133; 2.21682; 
915.041; 0.165511; 2.38294; 
925.041; 0.901355; 2.25932; 
935.04; 0.775312; 2.051; 
945.04; 0.797213; 2.34285; 
955.039; 0.7913; 2.48207; 
965.039; 0.358274; 2.25221; 
975.038; 0.409261; 2.54914; 
985.038; 0.228997; 2.63626; 
995.038; 0.349426; 2.63849; 
1005.04; 0.393664; 2.69094; 
1015.04; 0.195835; 2.5516; 
1025.04; 0.445872; 2.96887; 
1035.04; 0.445872; 2.55374; 
1045.04; 0.404452; 2.56216; 
1055.04; 0.466462; 2.51295; 
1065.04; 0.265408; 2.7275; 
1075.03; 0.303902; 3.02647; 
1085.03; 0.207479; 2.86935; 
1095.03; 0.339197; 2.84978; 
1105.03; 0.0791294; 2.88188; 
1115.03; 0.405418; 2.73552; 
1125.03; 0.0559529; 2.75093; 
1135.03; 0.181308; 2.8484; 
1145.03; 0.260947; 3.03228; 
1155.03; 0.165511; 2.88514; 
1165.03; 0.509757; 2.70081; 
1175.03; 0.582827; 3.13075; 
1185.03; 0.137056; 3.19868; 
1195.03; 0.254878; 3.34012; 
1205.03; 0.335718; 3.09136; 
1215.03; 0.45284; 2.7647; 
1225.03; 0.235734; 2.81425; 
1235.03; 0.451108; 3.22404; 
1245.03; 0.529341; 3.01337; 
1255.03; 0.524887; 3.06375; 
1265.03; 0.30901; 2.90825; 
1275.03; 0.142653; 2.78221; 
1285.03; 0.0395647; 2.78221; 
1295.03; 0.503578; 3.18481; 
1305.03; 0; 3.18481; 
1315.03; 0.542486; 3.41134; 
1325.03; 0.646496; 3.2719; 
1335.03; 0.451108; 3.19046; 
1345.03; 0.663818; 3.54287; 
1355.03; 0.41212; 3.35696; 
1365.03; 0.57743; 3.51881; 
 ;  ;  ; 
Average;  ;  ; 
Number; 0.360089; 1.92582; 
