# Header: Project1::190709-NaCl-PAT-19-7-008 cleaned-Dil cleaned-Dil::All data::New Misorientation Profile Chart   2/12/2020
# 
Chart:  Misorientation Profile

Column 1: Distance [microns]
Column 2: Point-to-point Misorientation [degrees]
Column 3: Point-to-origin Misorientation [degrees]
0; 0; 0; 
9.99992; 0.670272; 0.670272; 
17.3204; 0.187672; 0.485375; 
26.4575; 0; 0.485375; 
34.641; 0.499677; 0.545364; 
43.589; 0.908275; 0.750692; 
51.9614; 0.621181; 0.411169; 
60.8276; 0.658491; 0.546081; 
69.282; 0.331022; 0.596105; 
78.1025; 0.79623; 0.595448; 
86.6025; 0.407344; 0.379492; 
95.3938; 0.461401; 0.616755; 
104.403; 0.373253; 0.776825; 
112.694; 0.517377; 0.409261; 
121.655; 0.548226; 0.38563; 
130; 0.0559529; 0.391671; 
138.924; 0.362617; 0.444114; 
147.309; 0.2307; 0.509757; 
156.205; 0.770756; 0.657301; 
164.621; 1.15352; 0.81277; 
173.494; 0.713816; 0.811806; 
182.483; 0.927884; 0.564406; 
190.788; 0.557429; 1.07556; 
199.75; 0.582827; 0.623696; 
208.086; 0.590167; 0.375344; 
217.025; 0; 0.375344; 
225.389; 0.897875; 0.848114; 
234.307; 0.798194; 1.02067; 
242.693; 0.220287; 1.10641; 
251.595; 0.65132; 0.553908; 
260; 0.362617; 0.745461; 
268.887; 0.403483; 0.48939; 
277.849; 0.218503; 0.485375; 
286.182; 0.240663; 0.720365; 
295.127; 0.430693; 1.02297; 
303.48; 0.391671; 0.89831; 
312.41; 0.391671; 0.621181; 
320.78; 0.349426; 0.785343; 
329.697; 0; 0.785343; 
338.083; 0.0559529; 0.74441; 
346.987; 0.205584; 0.749649; 
355.387; 0.535223; 0.642853; 
364.28; 0.340349; 0.562322; 
373.229; 0.30901; 0.844415; 
381.576; 0.565099; 0.518888; 
390.512; 0.637351; 0.700534; 
398.873; 0.754851; 1.18333; 
407.799; 0.825194; 1.22461; 
416.173; 0.832277; 0.909997; 
425.088; 0.414959; 0.895256; 
433.474; 0.41212; 0.894381; 
442.38; 0.432507; 0.849497; 
451.331; 0.424285; 0.670272; 
459.674; 0.275536; 0.79031; 
468.615; 0.421509; 0.584168; 
476.97; 0.696612; 0.695488; 
485.901; 0.247082; 0.74441; 
494.267; 0.515862; 0.921111; 
503.19; 0.242283; 0.695488; 
511.566; 0.305187; 0.770248; 
520.481; 0.266879; 0.512819; 
528.867; 0.213062; 0.707206; 
537.773; 0.260947; 0.844415; 
546.717; 0.243893; 0.946674; 
555.068; 0.298707; 0.660864; 
564.004; 0.98992; 1.51155; 
572.363; 1.13746; 0.59479; 
581.292; 0.533759; 0.592153; 
589.661; 0.738605; 0.752255; 
598.582; 0.448498; 0.876703; 
606.96; 0.973174; 1.19288; 
615.873; 0.316518; 0.899616; 
624.82; 0.407344; 0.965908; 
633.167; 0.360452; 0.650118; 
642.106; 0.440575; 0.952033; 
650.461; 0.586842; 0.837434; 
659.394; 0.262443; 0.761047; 
667.758; 0.769231; 0.558131; 
676.683; 0.85638; 0.986753; 
685.055; 0.562322; 0.704989; 
693.974; 0.388662; 0.92535; 
702.353; 0.36584; 0.772278; 
711.267; 0.195835; 0.780845; 
720.208; 0.341497; 0.711069; 
728.56; 0.142653; 0.800153; 
737.496; 0.426126; 0.521896; 
745.855; 0.37115; 0.79031; 
754.785; 0.702208; 0.864567; 
763.151; 0.300014; 1.07883; 
772.075; 0.43341; 1.11487; 
780.449; 0.529341; 0.660864; 
789.367; 0.662047; 0.265408; 
797.747; 0.957771; 0.897875; 
806.66; 0.424285; 0.527861; 
815.598; 0.379492; 0.693798; 
823.954; 0.30901; 0.697735; 
832.886; 0.227282; 0.816133; 
841.249; 0; 0.816133; 
850.176; 0.285305; 0.95121; 
858.545; 0.335718; 0.641635; 
867.468; 0.474778; 0.956544; 
875.842; 0.952444; 0.816613; 
884.76; 0.605226; 0.85638; 
893.7; 0.298707; 0.615485; 
902.053; 0.492578; 0.495746; 
910.988; 0.829923; 0.923657; 
919.347; 0.35277; 0.943361; 
928.278; 0.552493; 0.922809; 
936.643; 0.873125; 1.36659; 
945.569; 0; 1.36659; 
953.939; 0.817571; 0.752775; 
962.86; 0.59479; 0.701092; 
971.236; 0.517377; 0.510524; 
980.153; 0.429783; 0.825194; 
989.091; 0.363695; 0.701092; 
997.447; 0.253338; 0.684141; 
1006.38; 0.422436; 0.868631; 
1014.74; 0.535954; 1.28694; 
1023.67; 0.859573; 0.664408; 
1032.04; 0.35718; 0.745461; 
1040.96; 0; 0.745461; 
1049.33; 0.590829; 0.478063; 
1058.25; 0.566482; 1.03514; 
1066.63; 0.527861; 0.783347; 
1075.55; 0.709967; 1.40109; 
1084.48; 0.726316; 0.957362; 
1092.84; 0.757956; 0.849037; 
1101.77; 0.510524; 1.26548; 
1110.14; 0.876703; 0.842559; 
1119.06; 0; 0.842559; 
1127.43; 0.704434; 1.11382; 
1136.35; 0.508219; 0.966718; 
1144.73; 0.213062; 1.05239; 
1153.65; 0.328649; 1.29331; 
1162.58; 0.167859; 1.29965; 
1170.94; 0.48939; 0.822344; 
1179.87; 0.671439; 1.10464; 
1188.23; 0.687565; 1.01722; 
1197.16; 0.193827; 0.977187; 
1205.53; 0.995047; 1.25803; 
1214.45; 0.915998; 0.761047; 
1222.82; 0.605872; 1.0668; 
1231.75; 0.584168; 0.754851; 
1240.12; 0.193827; 0.813251; 
1249.04; 0.533759; 1.14535; 
1257.97; 0.474778; 0.956135; 
1266.33; 0.387654; 1.07228; 
1275.26; 0.422436; 0.92196; 
1283.63; 0.311533; 1.0438; 
1292.56; 0.150658; 1.08643; 
1300.92; 0.583498; 1.11663; 
1309.85; 0.717097; 0.590829; 
1318.22; 0.626201; 1.16096; 
1327.14; 0.457996; 0.958588; 
1336.08; 0.38563; 1.19124; 
1344.43; 0.279765; 1.25367; 
1353.37; 0.456283; 1.70502; 
1361.73; 0.563018; 1.56223; 
1370.66; 0.788823; 1.34581; 
1379.02; 0.689838; 1.79515; 
1387.95; 0.343781; 1.85794; 
1396.32; 0.593473; 2.1071; 
1405.24; 0.837434; 1.88824; 
1413.61; 1.77762; 0.642853; 
1422.53; 1.13263; 1.54839; 
1431.47; 0.92535; 0.767193; 
1439.83; 1.07338; 1.43722; 
1448.76; 1.35653; 2.07585; 
1457.12; 0.207479; 2.02777; 
1466.05; 0.307741; 1.75524; 
1474.42; 0.693233; 2.32843; 
1483.34; 0.163129; 2.17331; 
1491.71; 0.35718; 2.32944; 
1500.63; 0.372203; 2.07075; 
1509.01; 0.158259; 2.15849; 
1517.93; 0.275536; 1.97991; 
1526.86; 0.158259; 1.86173; 
1535.22; 0.301316; 2.10468; 
1544.15; 0.369035; 2.40208; 
1552.51; 0.426126; 2.03375; 
1561.44; 0.386643; 2.12486; 
1569.81; 0.426126; 1.97991; 
1578.73; 0.45284; 2.11081; 
1587.1; 0.848576; 2.65638; 
1596.03; 0.729005; 2.13643; 
1604.96; 0.648912; 2.75079; 
1613.32; 1.41111; 3.96002; 
1622.25; 0.885586; 3.11835; 
1630.61; 0.688702; 3.66543; 
1639.54; 0.748604; 3.29622; 
1647.91; 0.347179; 3.51714; 
1656.83; 0.603931; 3.00843; 
1665.2; 1.19518; 4.17983; 
1674.13; 0.887352; 3.85011; 
1682.5; 0.657301; 3.2917; 
1691.42; 0.356083; 3.32873; 
 ;  ;  ; 
Average;  ;  ; 
Number; 0.513936; 1.12177; 
