# Header: Project1::190709-NaCl-PAT-19-7-008 cleaned-Dil cleaned-Dil::All data::New Misorientation Profile Chart   2/12/2020
# 
Chart:  Misorientation Profile

Column 1: Distance [microns]
Column 2: Point-to-point Misorientation [degrees]
Column 3: Point-to-origin Misorientation [degrees]
0; 0; 0; 
10; 0.53008; 0.53008; 
20; 0.872677; 0.439686; 
30; 0.191797; 0.4673; 
40; 0.525632; 0.163129; 
50; 0.53229; 0.370094; 
60; 0.386643; 0.718733; 
70; 0.86818; 0.183454; 
75.4983; 0.158259; 0.214891; 
80; 0.767703; 0.836499; 
85.44; 1.23733; 0.410216; 
90; 0.414015; 0.191797; 
95.3939; 0.30901; 0.301316; 
105.357; 0.558131; 0.512055; 
115.326; 0.298707; 0.401538; 
125.3; 0.383595; 0.397621; 
135.277; 0.631801; 0.503578; 
145.258; 0.0740187; 0.552493; 
155.242; 0.518888; 0.531555; 
165.227; 0.461401; 0.303902; 
175.214; 0.28116; 0.418714; 
185.203; 0.636737; 0.536683; 
195.192; 0.463094; 0.301316; 
205.183; 0.456283; 0.528601; 
215.174; 0.306467; 0.373253; 
225.167; 0.458849; 0.815654; 
230.651; 0.209357; 0.65132; 
235.16; 0.567862; 0.444114; 
240.624; 0.356083; 0.48295; 
245.153; 0.312787; 0.415901; 
250.599; 0.222056; 0.341497; 
260.576; 0.447624; 0.459701; 
270.555; 0.557429; 0.623696; 
280.535; 0.603283; 0.128204; 
290.517; 0.453703; 0.494164; 
300.5; 0; 0.494164; 
310.483; 0.34605; 0.597416; 
320.468; 0.904389; 0.846267; 
330.454; 0.479698; 0.589503; 
340.441; 0.906982; 0.857293; 
350.428; 0.695488; 0.247082; 
360.416; 0.524887; 0.724157; 
370.405; 0.428872; 0.936282; 
380.395; 0.406382; 0.870431; 
385.876; 0.379492; 0.62495; 
390.384; 0.0279765; 0.62495; 
395.854; 0.673185; 0.712169; 
400.375; 1.27503; 1.06386; 
405.832; 1.03173; 0.344917; 
415.812; 0.220287; 0.547512; 
425.793; 0.629318; 1.01298; 
435.775; 0.389668; 0.804543; 
445.758; 0.539592; 1.21144; 
455.741; 0.410216; 1.10748; 
465.725; 0.331022; 0.85775; 
475.71; 0.237388; 0.890873; 
485.695; 0.413068; 1.2166; 
495.681; 0.581482; 1.20464; 
505.668; 0.536683; 0.911716; 
515.655; 0.442348; 0.795739; 
525.642; 0.612936; 1.12501; 
535.63; 0.634273; 0.920261; 
545.619; 0.318981; 1.1737; 
551.09; 0.384613; 1.27349; 
555.608; 0.201741; 1.30925; 
561.07; 0.213062; 1.31879; 
565.597; 0.711069; 0.741249; 
571.052; 0.623068; 1.17303; 
581.034; 0.28116; 1.25211; 
591.016; 0.288036; 1.12082; 
600.999; 0.2307; 1.28481; 
610.983; 0.420579; 0.965098; 
620.967; 0.427043; 1.23321; 
630.952; 0.213062; 1.28664; 
640.937; 0.420579; 1.4505; 
650.922; 0.349426; 1.27196; 
660.908; 0.265408; 1.26083; 
670.895; 0.29074; 1.27687; 
680.882; 0.404452; 1.40556; 
690.869; 0.271242; 1.5211; 
700.857; 0.370094; 1.73596; 
706.329; 0.318981; 1.61955; 
710.845; 0.242283; 1.41; 
716.31; 0.209357; 1.41167; 
720.833; 0.541764; 1.82521; 
726.292; 0.407344; 1.52675; 
736.274; 0.254878; 1.72964; 
746.257; 0.405418; 1.52777; 
756.241; 0.29074; 1.5334; 
766.224; 0.340349; 1.49384; 
776.209; 0.268341; 1.62076; 
786.193; 0.354982; 1.89672; 
796.178; 0.541764; 1.48042; 
806.164; 0.30901; 1.52982; 
816.149; 0.571982; 1.97397; 
826.136; 0.495746; 1.94622; 
836.122; 0.978788; 1.32884; 
846.109; 0.629318; 1.56623; 
856.096; 0.191797; 1.62895; 
866.083; 0.276953; 1.70823; 
871.55; 0.187672; 1.88097; 
876.071; 0.377424; 1.63351; 
881.533; 0.189746; 1.79188; 
886.059; 0.29074; 1.66342; 
891.516; 0.316518; 1.57595; 
901.499; 0.564406; 1.99684; 
911.482; 0.349426; 1.80905; 
921.466; 0.250229; 1.56773; 
931.451; 0.659085; 2.10059; 
941.435; 0.48295; 1.72283; 
951.42; 0.456283; 1.55091; 
961.405; 0.366908; 1.67865; 
971.391; 0.571298; 1.85604; 
981.377; 0.616755; 2.43285; 
991.363; 0.860938; 1.77696; 
1001.35; 0.515862; 2.28225; 
1011.34; 0.415901; 2.08281; 
1021.32; 0.530818; 2.47702; 
1026.79; 0.237388; 2.31461; 
1031.31; 0.271242; 2.34902; 
1036.77; 0.34605; 2.00662; 
1041.3; 0.684713; 2.39196; 
1046.76; 1.0287; 2.15559; 
1056.74; 0.566482; 1.80645; 
1066.72; 0.570612; 2.14904; 
1076.71; 0.288036; 2.31427; 
1086.69; 0.678397; 2.10821; 
1096.68; 0.131221; 2.13552; 
1106.66; 0.223812; 1.95465; 
1116.65; 0.525632; 2.44296; 
1126.63; 0.425206; 2.04181; 
1136.62; 0.601334; 2.56872; 
1146.6; 0.578784; 2.15776; 
1156.59; 0.111906; 2.11988; 
1166.58; 0.364769; 2.27692; 
1176.56; 0.414959; 2.20389; 
1182.03; 0.508219; 2.23721; 
1186.55; 0; 2.23721; 
1192.02; 2.21488; 3.91046; 
1196.54; 1.465; 2.54345; 
1202; 1.26269; 3.71046; 
1211.98; 0.367973; 3.37928; 
1221.97; 0.612936; 3.97306; 
1231.95; 0.551074; 3.60717; 
1241.93; 0.234068; 3.47773; 
1251.92; 0.474778; 3.47683; 
1261.9; 0.395648; 3.18899; 
1271.89; 0.296075; 3.33683; 
 ;  ;  ; 
Average;  ;  ; 
Number; 0.468447; 1.39085; 
