# Header: Project1::190709-NaCl-PAT-19-7-002 cleaned-Dil cleaned-Dil::All data::New Misorientation Profile Chart   8/29/2019
# 
Chart:  Misorientation Profile

Column 1: Distance [microns]
Column 2: Point-to-point Misorientation [degrees]
Column 3: Point-to-origin Misorientation [degrees]
0; 0; 0; 
10; 0.853634; 0.853634; 
20; 0.703322; 1.07338; 
26.4576; 0.451975; 1.40137; 
36.0555; 0.508989; 1.52854; 
45.8258; 0.830394; 1.51465; 
55.6777; 0.418714; 1.72215; 
65.5744; 0.358274; 1.79166; 
72.1111; 0.326259; 1.96802; 
75.4984; 0.828035; 1.57818; 
81.8535; 0.3743; 1.95084; 
91.6515; 0.387654; 2.01441; 
101.489; 0.429783; 1.91887; 
111.355; 0.311533; 1.70456; 
121.244; 0.389668; 2.03913; 
127.671; 0.211218; 2.24768; 
137.477; 0.406382; 2.31832; 
147.309; 0.461401; 1.86634; 
157.162; 0.529341; 2.06109; 
167.033; 0.402512; 2.08375; 
173.493; 0.131221; 2.15903; 
183.303; 0.621181; 2.46021; 
193.132; 0.554614; 1.99272; 
202.978; 1.50714; 3.32355; 
212.838; 1.12396; 4.3152; 
219.317; 0.595448; 3.7515; 
229.129; 0.335718; 4.06592; 
238.956; 0.068528; 4.08754; 
248.797; 0.276953; 3.89189; 
258.65; 0.2307; 3.74387; 
265.142; 0.759503; 3.53236; 
268.515; 1.24458; 4.3373; 
274.955; 1.61834; 3.02983; 
284.781; 0.718188; 3.66938; 
294.618; 0.442348; 3.44867; 
304.467; 0.211218; 3.34211; 
314.325; 0.222056; 3.38136; 
320.78; 0.174713; 3.42394; 
330.606; 0.108352; 3.53047; 
340.441; 0.301316; 3.25426; 
350.286; 0.292083; 3.49458; 
360.139; 1.70846; 4.78823; 
366.606; 0.35718; 4.79363; 
376.431; 0.243893; 4.99301; 
386.264; 0.185575; 4.90417; 
396.106; 0.448498; 5.34999; 
405.956; 0.990316; 4.38374; 
412.432; 0.740193; 4.90353; 
415.812; 0.762075; 4.34641; 
422.256; 0.394657; 4.7126; 
432.088; 2.67342; 7.21238; 
441.928; 0.62495; 7.32461; 
451.774; 0.189746; 7.23389; 
458.258; 0.388662; 7.51094; 
461.628; 0.227282; 7.30933; 
468.081; 0.0969133; 7.2744; 
477.912; 0.436111; 7.59771; 
487.75; 0.220287; 7.42032; 
497.594; 0.251788; 7.38772; 
507.445; 0.409261; 7.71867; 
513.907; 0.172459; 7.617; 
523.737; 1.69835; 9.2801; 
533.573; 0.686426; 9.4885; 
543.415; 0.193827; 9.4548; 
553.263; 0.193827; 9.49939; 
559.732; 0.225554; 9.51461; 
569.561; 0.583498; 9.90937; 
579.396; 0.574031; 9.53314; 
589.237; 0.332202; 9.72025; 
599.083; 0.240663; 9.522; 
605.558; 0.36584; 9.39189; 
608.934; 0.268341; 9.27472; 
615.386; 0.610377; 9.71252; 
625.22; 0.545364; 9.50891; 
635.059; 0.405418; 9.42248; 
644.903; 0.410216; 9.68142; 
654.752; 0.393664; 9.34687; 
661.211; 0.0884693; 9.37165; 
671.044; 0.485375; 9.10658; 
680.882; 0.176939; 8.94514; 
690.724; 0.220287; 9.04913; 
700.571; 0.327456; 8.77884; 
707.036; 0.2307; 8.92055; 
716.868; 0.199792; 9.03749; 
726.705; 0.191797; 8.90764; 
736.546; 0.592813; 9.35746; 
746.391; 0.44937; 9.39662; 
752.861; 5.06175; 5.92308; 
762.693; 0.563712; 6.46569; 
772.528; 0.62495; 5.84975; 
782.368; 1.06275; 6.63478; 
792.212; 0.446749; 6.28672; 
798.686; 0.211218; 6.49081; 
802.06; 0.423362; 6.52264; 
808.517; 0.37115; 6.43529; 
818.352; 0.139882; 6.36901; 
828.191; 0.778838; 6.70978; 
838.033; 6.67709; 11.3187; 
847.88; 0.473953; 11.3829; 
854.342; 0.185575; 11.5526; 
864.176; 0.647705; 10.9428; 
874.014; 0.64589; 11.5296; 
883.855; 0.223812; 11.4258; 
893.7; 0.551074; 11.6823; 
900.167; 0.494956; 11.6152; 
910; 0.320206; 11.3862; 
919.837; 0.405418; 11.0526; 
929.677; 0.931252; 11.6995; 
939.521; 0.543926; 11.2327; 
945.992; 0.13417; 11.3058; 
949.368; 0.647705; 11.0603; 
955.824; 0.503578; 11.0807; 
965.661; 0.407344; 10.8911; 
975.5; 0.801619; 11.5795; 
985.343; 0.260947; 11.6814; 
991.817; 1.49672; 10.2471; 
995.188; 0.684713; 9.89742; 
1001.65; 0.731684; 10.4233; 
1011.48; 0.434312; 10.8029; 
1021.32; 0.727393; 10.238; 
1031.16; 0.310274; 9.98277; 
1041.01; 4.14529; 13.1805; 
1047.47; 5.52336; 10.8065; 
1057.31; 7.17201; 13.6752; 
1067.15; 0; 13.6752; 
1076.99; 0.698296; 14.2682; 
1086.83; 0.564406; 13.7996; 
1093.3; 0.602634; 13.3702; 
1103.13; 0.436111; 13.5326; 
1112.97; 0.800153; 13.0741; 
1122.81; 0.527861; 13.5833; 
1132.65; 0.590829; 13.006; 
1139.12; 4.90409; 9.90195; 
1142.5; 5.07605; 13.1076; 
1148.96; 5.11067; 9.93308; 
1158.79; 0.646496; 9.3771; 
1168.63; 0.512055; 9.72753; 
1178.47; 0.600031; 9.4737; 
1188.32; 0.498893; 9.85872; 
1194.78; 0.326259; 9.78987; 
1204.62; 0.205584; 9.87379; 
1214.45; 0.366908; 9.79079; 
1224.3; 3.3686; 11.7; 
1234.14; 0.29342; 11.6233; 
1240.6; 0.243893; 11.4838; 
1250.44; 0.251788; 11.4902; 
1260.28; 0.710518; 11.8021; 
1270.12; 0.82472; 11.3931; 
1279.96; 0.320206; 11.4695; 
1286.43; 0; 11.4695; 
1296.26; 2.39016; 13.3619; 
1306.1; 0.849497; 13.5669; 
1315.94; 0.403483; 13.8363; 
1325.78; 0.788327; 13.4457; 
1332.25; 0.678974; 13.6604; 
1335.63; 0.380522; 13.5048; 
1342.09; 0.205584; 13.5443; 
1351.92; 0.181308; 13.5004; 
1361.76; 0.481327; 13.6573; 
1371.6; 3.31954; 12.3711; 
1381.45; 0.904822; 11.5724; 
1387.91; 0.79031; 12.2528; 
1397.75; 1.0122; 11.6749; 
1407.59; 0.527119; 11.9688; 
 ;  ;  ; 
Average;  ;  ; 
Number; 0.798122; 8.12663; 
