# Header: Project1::190709-NaCl-PAT-19-7-002 cleaned-Dil cleaned-Dil::All data::New Misorientation Profile Chart   8/29/2019
# 
Chart:  Misorientation Profile

Column 1: Distance [microns]
Column 2: Point-to-point Misorientation [degrees]
Column 3: Point-to-origin Misorientation [degrees]
0; 0; 0; 
10; 0.314035; 0.314035; 
20; 0.491783; 0.50513; 
26.4575; 0.302612; 0.254878; 
36.0555; 0.279765; 0.14537; 
45.8258; 0.474778; 0.419648; 
55.6776; 0.289391; 0.305187; 
62.45; 0.285305; 0.519641; 
65.5744; 0.369035; 0.616755; 
72.111; 0.362617; 0.340349; 
81.8535; 0.292083; 0.413068; 
91.6515; 0.463938; 0.786836; 
101.489; 0.353878; 0.573349; 
108.167; 0.381549; 0.57946; 
117.898; 0.225554; 0.670856; 
127.671; 0.654916; 0.783846; 
137.477; 0.478063; 0.462248; 
147.309; 0.163129; 0.314035; 
153.948; 0.167859; 0.370094; 
163.707; 0.199792; 0.513581; 
173.494; 0.153233; 0.614212; 
183.303; 0.379492; 0.745986; 
190; 0.425206; 0.719821; 
193.132; 0.479698; 0.272681; 
199.75; 0.207479; 0.4673; 
209.523; 0.268341; 0.714911; 
219.317; 0.48618; 0.259443; 
229.129; 0.578784; 0.682423; 
235.797; 0.431601; 1.01414; 
245.561; 0.30901; 0.916426; 
255.343; 0.580135; 0.397621; 
265.141; 0.340349; 0.621811; 
274.955; 0.14537; 0.594132; 
281.603; 0.253338; 0.75537; 
291.376; 0.167859; 0.920261; 
301.164; 0.189746; 1.09361; 
310.966; 0.559531; 0.599378; 
317.648; 0.262443; 0.770756; 
327.414; 0.237388; 0.926618; 
337.194; 0.185575; 1.06826; 
346.987; 0.35718; 0.750171; 
356.791; 0.260947; 0.807456; 
363.456; 0.142653; 0.949563; 
373.229; 0.247082; 1.11171; 
383.014; 0.189746; 0.971161; 
392.81; 0.307741; 0.894381; 
402.616; 0.235734; 0.961441; 
409.268; 0.227282; 0.807456; 
419.047; 0.372203; 1.10358; 
428.836; 0.0969133; 1.01991; 
438.634; 0.223812; 1.09146; 
445.309; 0.125115; 1.08534; 
455.082; 0.272681; 0.897439; 
464.866; 0.325057; 0.985562; 
474.658; 0.392669; 0.841629; 
484.458; 0.0839294; 0.774302; 
491.121; 0.741777; 1.17836; 
500.899; 0.435213; 0.954906; 
510.686; 0.595448; 1.10853; 
520.481; 0.328649; 1.04042; 
527.162; 0.803082; 0.931252; 
530.283; 0.469806; 1.10748; 
536.936; 0.415901; 0.826142; 
546.717; 0.176939; 0.922385; 
556.507; 0.369035; 1.05906; 
566.304; 0.333378; 0.923233; 
572.975; 0.247082; 0.909137; 
582.752; 0.354982; 0.983176; 
592.537; 0.068528; 1.00093; 
602.329; 0.48618; 0.931252; 
612.127; 0.201741; 0.771263; 
618.789; 0.842559; 1.53901; 
628.57; 0.469806; 1.07119; 
638.357; 0.394657; 0.876257; 
648.151; 0.100871; 0.882044; 
654.828; 0.297394; 0.807456; 
657.951; 0.354982; 1.00522; 
664.605; 0.602634; 1.60279; 
674.389; 0.720365; 0.967932; 
684.178; 0.139882; 1.08858; 
693.974; 0.588839; 1.38027; 
700.643; 0.416841; 1.44456; 
710.422; 0.344917; 1.34959; 
720.208; 0.393664; 1.05202; 
730; 0.890434; 1.78597; 
739.797; 0.846729; 1.59839; 
746.458; 0.398604; 1.27011; 
756.241; 0.43341; 1.6251; 
766.029; 0.451108; 1.42354; 
775.822; 0.640414; 1.41555; 
782.496; 0.647705; 1.58288; 
785.621; 0.220287; 1.42711; 
792.275; 0.59479; 1.59495; 
802.06; 0.28393; 1.54256; 
811.85; 0.211218; 1.38253; 
821.645; 0.276953; 1.47299; 
828.312; 0.216705; 1.42327; 
838.093; 0.364769; 1.56723; 
847.88; 0.376385; 1.67304; 
857.671; 0.90309; 1.92559; 
867.468; 0.764127; 2.52817; 
874.128; 0.468137; 2.13111; 
883.912; 0.209357; 2.07886; 
893.7; 0.211218; 1.97338; 
903.493; 0.0395647; 2.00154; 
910.165; 0.388662; 2.36496; 
913.291; 0.340349; 2.13038; 
919.946; 0.296075; 2.17024; 
929.731; 0.297394; 2.4618; 
939.521; 0.260947; 2.26641; 
949.316; 0.23239; 2.1071; 
955.981; 0.517377; 2.43912; 
965.764; 0.487788; 2.30715; 
975.551; 0.170174; 2.34802; 
985.343; 0.403483; 2.61778; 
995.138; 0.601984; 2.27813; 
1001.8; 0.262443; 2.11711; 
1011.58; 0.393664; 2.47085; 
1021.37; 0.405418; 2.42382; 
1031.16; 0.361536; 2.111; 
1037.83; 0.498893; 1.99586; 
1047.62; 0.582827; 2.27434; 
1057.4; 0.311533; 2.45064; 
1067.19; 0.30901; 2.4029; 
1076.99; 0.239031; 2.34368; 
1083.65; 0.477244; 2.11711; 
1093.43; 0.420579; 2.42963; 
1103.22; 0.111906; 2.40078; 
1113.01; 0.187672; 2.57238; 
1122.81; 0.239031; 2.38294; 
1129.47; 0.420579; 2.77403; 
1139.25; 0.266879; 2.54237; 
1149.04; 0.197824; 2.36893; 
1158.84; 0.195835; 2.31291; 
1165.5; 0.268341; 2.47005; 
1175.29; 0.25793; 2.27021; 
1185.07; 0.121947; 2.36712; 
1194.86; 0.301316; 2.50874; 
1204.66; 0.571982; 2.43944; 
1211.32; 0.369035; 2.42656; 
1221.11; 0.327456; 2.46672; 
1230.89; 0.13417; 2.37883; 
1240.69; 0.731684; 2.90421; 
1247.36; 0.827089; 2.36132; 
1250.48; 0.137056; 2.44857; 
1257.14; 0.435213; 2.68073; 
1266.93; 0.443231; 2.35684; 
1276.71; 0.193827; 2.41881; 
1286.51; 0.301316; 2.64086; 
1293.17; 0.439686; 2.36612; 
1302.96; 0.502021; 2.70298; 
1312.75; 0.486985; 2.32675; 
1322.54; 0.534491; 2.63329; 
1332.33; 0.268341; 2.84235; 
1338.99; 0.424285; 2.70776; 
1348.78; 0.388662; 2.63165; 
1358.57; 0.0927874; 2.60789; 
1368.36; 0.417778; 2.27073; 
1375.03; 0.369035; 2.31241; 
1378.15; 0.148038; 2.41005; 
1384.81; 0.364769; 2.5379; 
1394.6; 0.271242; 2.62674; 
1404.39; 0.227282; 2.7746; 
1414.18; 0.384613; 2.58785; 
1420.84; 0.274112; 2.64397; 
1430.63; 0.351659; 2.93612; 
1440.42; 0.29074; 2.70241; 
 ;  ;  ; 
Average;  ;  ; 
Number; 0.359833; 1.53601; 
