# Header: Project1::190709-NaCl-PAT-19-7-004 cleaned-Dil cleaned-Dil::All data::New Misorientation Profile Chart   2/12/2020
# 
Chart:  Misorientation Profile

Column 1: Distance [microns]
Column 2: Point-to-point Misorientation [degrees]
Column 3: Point-to-origin Misorientation [degrees]
0; 0; 0; 
10; 1.3429; 1.3429; 
17.3205; 0.770248; 1.00522; 
20; 0.307741; 1.19649; 
26.4575; 0.266879; 1.09825; 
36.0555; 0.478881; 0.802107; 
45.8257; 0.234068; 0.847653; 
52.915; 0.213062; 0.944605; 
55.6776; 0.611658; 1.40361; 
62.45; 0.321425; 1.09718; 
72.111; 0.541764; 0.649515; 
81.8535; 0.128204; 0.591491; 
88.8819; 0.807456; 1.30086; 
91.6515; 0.672021; 0.826616; 
98.4886; 0.189746; 0.921111; 
108.167; 0.706098; 0.894818; 
117.898; 0.476423; 1.05869; 
124.9; 0.444994; 1.39802; 
134.536; 0.544645; 0.918984; 
144.222; 0.461401; 0.735951; 
153.948; 0.563712; 0.969548; 
160.935; 0.419648; 1.37572; 
170.587; 0.428872; 0.98437; 
180.278; 0.342641; 1.29996; 
190; 0.240663; 1.06899; 
196.977; 0.266879; 1.33002; 
206.64; 0.278362; 1.49619; 
216.333; 0.844415; 0.967123; 
226.053; 0.50513; 1.37402; 
233.024; 0.426126; 0.96874; 
242.693; 0.435213; 1.36688; 
252.389; 0.45284; 0.987149; 
262.107; 0.392669; 1.34814; 
269.072; 0.153233; 1.3394; 
278.747; 0.480513; 0.977588; 
288.444; 0.235734; 0.958588; 
298.161; 0.597416; 1.37658; 
305.123; 0.0839294; 1.42327; 
314.801; 0.307741; 1.29875; 
324.5; 0.607163; 0.714364; 
334.215; 0.353878; 1.05906; 
341.174; 0.220287; 1.26424; 
350.856; 0.416841; 1.6251; 
360.555; 0.615485; 1.46393; 
370.27; 0.400563; 1.49933; 
377.227; 0.695488; 0.944605; 
386.911; 0.205584; 1.02259; 
396.611; 0.664408; 1.60693; 
406.325; 0.498108; 1.27718; 
413.28; 0.254878; 1.08679; 
422.966; 0.494164; 1.32116; 
432.666; 0.541764; 1.73416; 
442.38; 0.416841; 1.63039; 
449.333; 0.631181; 1.3176; 
459.021; 0.539592; 1.77145; 
468.722; 0.696612; 1.11803; 
478.435; 1.1757; 2.06905; 
485.386; 0.927884; 1.74406; 
495.076; 0.413068; 1.47936; 
504.777; 0.578784; 1.64782; 
514.49; 0.542486; 1.14158; 
521.44; 0.861846; 1.8676; 
531.131; 1.23923; 1.111; 
540.833; 0.636737; 1.55821; 
550.545; 0.541764; 1.71304; 
557.494; 0.474778; 2.08055; 
567.186; 1.20366; 1.35537; 
576.888; 1.43258; 1.99292; 
586.6; 0.642853; 1.90043; 
593.549; 0.48376; 1.64996; 
603.241; 0.342641; 1.98938; 
612.944; 0.461401; 1.56773; 
622.656; 0.310274; 1.82349; 
629.603; 0.757439; 1.39409; 
639.297; 0.879378; 1.76148; 
648.999; 0.220287; 1.96483; 
658.711; 0.378459; 1.9428; 
665.658; 0.429783; 2.0664; 
675.352; 0.395648; 1.97695; 
685.055; 0.197824; 1.84313; 
694.766; 0.296075; 1.99919; 
701.712; 0.36584; 1.65469; 
711.407; 0.209357; 1.85541; 
721.11; 0.176939; 1.78136; 
730.821; 0.417778; 1.39606; 
737.767; 0; 1.39606; 
747.462; 0.364769; 1.65469; 
757.166; 0.118694; 1.62943; 
766.877; 0.470638; 2.00857; 
773.822; 0.44937; 1.7319; 
783.518; 0.664996; 2.3757; 
793.221; 0.538867; 2.0111; 
802.932; 0.0791294; 1.94762; 
809.877; 0.34605; 1.87597; 
819.573; 0.28116; 1.99802; 
829.277; 0.254878; 2.1197; 
838.987; 0.24866; 1.93249; 
845.931; 0.64407; 2.56063; 
855.628; 0.424285; 2.14576; 
865.332; 0.222056; 2.0466; 
875.043; 0.108352; 1.96324; 
881.986; 0.179137; 1.97516; 
891.684; 0.417778; 2.25949; 
901.388; 0.131221; 2.20283; 
911.098; 0.170174; 2.25255; 
918.041; 0.574713; 2.13753; 
927.739; 0.660272; 2.08375; 
937.443; 0.312787; 2.32406; 
947.154; 0.289391; 2.46894; 
954.096; 0.259443; 2.31545; 
963.795; 0.0791294; 2.25551; 
973.499; 0.288036; 2.37669; 
983.209; 0.195835; 2.49089; 
990.151; 0.316518; 2.49309; 
999.85; 0.220287; 2.41768; 
1009.55; 0.310274; 2.45623; 
1019.26; 0.375344; 2.59057; 
1026.21; 0.45284; 2.17331; 
1035.91; 0.441462; 2.5704; 
1045.61; 0.216705; 2.4068; 
1055.32; 0.108352; 2.38688; 
1062.26; 0.3743; 2.74338; 
1071.96; 0.328649; 2.48869; 
1081.67; 0.170174; 2.35268; 
1091.38; 0.305187; 2.64264; 
1098.32; 0.342641; 2.47021; 
1108.02; 0.125115; 2.36463; 
1117.72; 0.266879; 2.2588; 
1127.43; 0.209357; 2.33414; 
1134.37; 0.253338; 2.39604; 
1144.07; 0.247082; 2.57861; 
1153.78; 0.118694; 2.58149; 
1163.49; 0.234068; 2.37586; 
1170.43; 0.456283; 2.43703; 
1180.13; 0.125115; 2.36082; 
1189.83; 0.197824; 2.50827; 
1199.54; 0.28116; 2.75193; 
1206.48; 0.378459; 2.84785; 
1216.18; 0.601984; 2.32944; 
1225.89; 0.469806; 2.79554; 
1235.6; 0.266879; 2.56216; 
1242.54; 0.424285; 2.74538; 
1252.24; 0.529341; 2.52429; 
1261.94; 0.328649; 2.60173; 
1271.65; 0.247082; 2.8148; 
1278.59; 0.855923; 3.04761; 
1288.29; 0.576073; 3.10929; 
1298; 0.454565; 3.06184; 
1307.71; 0.582827; 2.54514; 
1314.65; 0.536683; 3.07358; 
1324.35; 0.311533; 2.80435; 
1334.05; 0.318981; 3.02996; 
1341.01; 0.524887; 2.62853; 
1343.76; 0.37115; 2.84593; 
1350.7; 0.24866; 2.8911; 
1360.4; 0.339197; 2.91605; 
1370.11; 0.326259; 3.16681; 
1377.06; 0.125115; 3.07702; 
1379.82; 0.104678; 3.17965; 
1386.76; 0.209357; 3.05736; 
1396.46; 0.121947; 2.9628; 
1406.16; 0.183454; 3.10375; 
1413.12; 0.167859; 3.14037; 
1415.87; 0.181308; 3.0187; 
1422.81; 0.0740187; 2.95592; 
1432.52; 0.276953; 3.15765; 
 ;  ;  ; 
Average;  ;  ; 
Number; 0.409769; 1.91761; 
