# Header: Project1::191205-PA-40-R-002 cleaned-Dil cleaned-Dil::All data::New Misorientation Profile Chart   2/13/2020
# 
Chart:  Misorientation Profile

Column 1: Distance [microns]
Column 2: Point-to-point Misorientation [degrees]
Column 3: Point-to-origin Misorientation [degrees]
0; 0; 0; 
9.99999; 0.889555; 0.889555; 
17.3205; 0.118694; 0.983176; 
26.4575; 0.237388; 0.832748; 
34.641; 0.137056; 0.904822; 
43.589; 0.118694; 0.834156; 
52.9151; 1.30206; 1.95264; 
60.8276; 0.835563; 1.51336; 
70; 1.0021; 2.05671; 
79.3725; 0; 2.05671; 
87.178; 0.530818; 2.13955; 
96.4365; 0.372203; 2.03067; 
104.403; 0.403483; 1.76503; 
113.578; 0.372203; 2.05481; 
122.882; 0.316518; 1.75703; 
130.767; 0.565099; 1.95645; 
140; 0.326259; 2.05252; 
149.332; 0.253338; 2.09368; 
157.162; 0.556727; 2.47955; 
166.433; 0.340349; 2.55543; 
174.356; 0.150658; 2.44392; 
183.576; 0.148038; 2.47797; 
192.873; 0.458849; 2.40371; 
200.749; 0.502021; 2.70371; 
210; 1.43286; 2.83061; 
217.945; 0.502021; 2.92195; 
227.156; 0.976386; 3.72289; 
236.432; 0.137056; 3.74554; 
244.336; 0.384613; 3.79705; 
253.574; 1.26021; 3.21248; 
262.869; 0.927884; 3.73067; 
270.74; 1.0468; 2.88269; 
280; 0.351659; 3.09554; 
287.924; 0.886911; 2.26676; 
297.153; 0.148038; 2.41427; 
306.431; 0.958588; 2.48144; 
314.325; 1.51025; 2.03759; 
323.574; 0.0559529; 1.99371; 
331.512; 0.223812; 2.06147; 
332.866; 0.142653; 2.0845; 
340.735; 0.118694; 1.97635; 
350; 0.422436; 2.16392; 
357.911; 0.199792; 2.29695; 
367.151; 0.068528; 2.25811; 
376.431; 0.158259; 2.2709; 
384.318; 0.512055; 2.02603; 
393.573; 1.22429; 2.83959; 
401.497; 0.48295; 3.14037; 
410.731; 0.760018; 2.81689; 
420; 0.570612; 2.96121; 
427.902; 0.737544; 2.79708; 
437.15; 0.301316; 2.88636; 
446.43; 0.195835; 2.87358; 
454.313; 0.14537; 2.73051; 
463.573; 0.320206; 2.99761; 
471.487; 0.427958; 2.72275; 
480.729; 0.298707; 2.67298; 
490; 0.375344; 2.98898; 
497.896; 0.37115; 2.88473; 
507.149; 0.969548; 2.06999; 
515.073; 0.379492; 2.07188; 
524.309; 0.847191; 2.4672; 
533.573; 0; 2.4672; 
541.479; 0.610377; 1.90988; 
550.727; 0.855923; 2.61838; 
560; 0.463094; 2.98819; 
567.891; 0.111906; 2.96781; 
577.148; 0.338041; 3.25474; 
585.064; 0.211218; 3.35427; 
594.306; 0.527861; 3.03022; 
603.573; 0.608451; 3.22586; 
611.474; 0.243893; 3.38206; 
620.725; 0.256409; 3.47446; 
630; 0.445872; 3.21467; 
637.887; 0.362617; 3.44094; 
647.148; 0.400563; 3.25822; 
655.057; 0.492578; 3.55578; 
664.304; 0.195835; 3.45729; 
673.573; 0.323851; 3.1912; 
681.469; 0.253338; 3.43467; 
690.724; 0.209357; 3.22938; 
698.642; 0.564406; 2.74509; 
707.884; 0.723617; 3.3643; 
717.147; 0.28393; 3.47728; 
725.052; 0.443231; 3.04658; 
734.302; 0.28116; 3.11835; 
743.573; 0.389668; 3.1265; 
751.465; 0.285305; 3.34983; 
760.723; 0.243893; 3.11571; 
768.635; 0.131221; 3.02233; 
777.882; 0.209357; 3.20186; 
787.147; 0.301316; 3.19132; 
795.047; 0.223812; 3.23713; 
804.301; 0.274112; 3.06017; 
812.219; 0.240663; 2.93185; 
813.572; 0.266879; 3.048; 
821.462; 0.397621; 2.80379; 
830.723; 0.487788; 3.11332; 
838.63; 0.635506; 3.35812; 
847.88; 0.142653; 3.44776; 
857.146; 0.521145; 3.09237; 
865.043; 0.29074; 3.07981; 
874.3; 0.558131; 3.36418; 
882.213; 0.864567; 2.6555; 
891.46; 0.992684; 3.3206; 
900.722; 0.205584; 3.47356; 
908.625; 0.137056; 3.35975; 
917.878; 0.48618; 3.08337; 
927.146; 0; 3.08337; 
935.04; 0.591491; 3.39558; 
944.299; 0.87581; 2.59465; 
952.208; 0; 2.59465; 
961.457; 0.864114; 3.23337; 
970.721; 1.13574; 3.74345; 
978.622; 0; 3.74345; 
987.877; 1.22621; 3.75724; 
995.791; 0.79031; 3.59445; 
1005.04; 0.183454; 3.5267; 
1014.3; 0; 3.5267; 
1022.2; 0.364769; 3.84726; 
1031.46; 0.478063; 4.02107; 
1040.72; 0.398604; 3.86979; 
1048.62; 0.542486; 3.87687; 
1057.88; 0.111906; 3.85255; 
1065.79; 0.488589; 3.93104; 
1075.03; 0.48376; 3.45207; 
1084.3; 0.235734; 3.65827; 
1092.2; 0.498108; 4.01825; 
1101.45; 0.676086; 3.77356; 
1110.72; 0.276953; 3.87424; 
1118.62; 0.548226; 3.8498; 
1127.87; 0.326259; 3.81362; 
1135.78; 0.0969133; 3.8942; 
1145.03; 0.0927874; 3.80313; 
1154.3; 0.262443; 3.9396; 
1162.2; 0.393664; 4.28441; 
1171.45; 0.250229; 4.04264; 
1179.36; 0.209357; 4.20552; 
1188.61; 0.185575; 4.16292; 
1197.87; 0.245493; 4.01581; 
1205.78; 0.250229; 4.18694; 
1215.03; 0.254878; 3.98693; 
1224.3; 0.276953; 4.17617; 
1232.19; 0.356083; 4.35838; 
1241.45; 0.471469; 4.01161; 
1249.36; 0.386643; 4.32681; 
1258.61; 0.43341; 3.98526; 
1267.87; 0.628073; 4.40451; 
1275.77; 0.53229; 4.13943; 
1285.03; 0.268341; 4.1036; 
1294.3; 0.539592; 4.09997; 
1302.19; 0.537412; 4.09366; 
1311.45; 0.51662; 4.56712; 
1319.36; 0.942115; 3.81218; 
1328.61; 0.76515; 3.73235; 
1337.87; 1.06017; 4.30612; 
1345.77; 0.654916; 4.48017; 
1355.03; 0.596105; 4.20337; 
1362.94; 0.610377; 3.83665; 
1372.19; 0.553201; 4.36969; 
1381.45; 0.414015; 4.61965; 
1389.35; 0.340349; 4.33025; 
1398.61; 0.167859; 4.26691; 
1407.87; 0.380522; 4.24713; 
1415.77; 0.398604; 4.07266; 
1425.03; 0.314035; 4.28843; 
1432.93; 0.672603; 4.08964; 
1442.19; 0.541764; 4.01542; 
1451.45; 0.276953; 4.27727; 
1459.35; 0.197824; 4.31992; 
1468.6; 0.185575; 4.4673; 
1476.52; 0.442348; 4.54485; 
1477.87; 0.562322; 4.51518; 
1485.77; 0.100871; 4.45694; 
1495.03; 0.165511; 4.51189; 
1502.93; 0.341497; 4.81914; 
1512.18; 0; 4.81914; 
1521.45; 0.673766; 5.06577; 
1529.35; 0.915571; 4.46546; 
1538.6; 0.514343; 4.57012; 
1546.51; 0.189746; 4.46414; 
1555.76; 0.266879; 4.71044; 
1565.02; 0.265408; 4.53371; 
1572.93; 0.466462; 4.13545; 
1582.18; 0.496534; 4.61745; 
1591.45; 0.068528; 4.58492; 
1599.34; 0.341497; 4.61405; 
1608.6; 0.373253; 4.81597; 
1616.51; 0.279765; 4.54355; 
1625.76; 0.272681; 4.53674; 
1635.02; 0; 4.53674; 
1642.92; 0.382573; 4.65244; 
1652.18; 0.296075; 4.76724; 
1660.09; 0.179137; 4.8241; 
1669.34; 0.227282; 4.61168; 
1678.6; 0.373253; 4.58416; 
1686.51; 0.592813; 4.08073; 
1695.76; 0.54894; 4.59218; 
1705.02; 0.383595; 4.64629; 
1712.92; 0.589503; 5.14407; 
1722.18; 0.301316; 5.11573; 
1730.09; 0.201741; 5.18429; 
1739.34; 0.349426; 4.89145; 
1748.6; 0.41212; 5.26887; 
1756.5; 0.648912; 4.66035; 
1765.76; 0.407344; 5.01868; 
1775.02; 0.340349; 5.1545; 
1782.92; 0.340349; 5.19863; 
1792.18; 0.131221; 5.32473; 
1800.08; 0.321425; 5.08538; 
1809.34; 0.363695; 5.33171; 
1818.6; 0.456283; 5.1155; 
1826.5; 0.591491; 5.14346; 
1835.76; 0.225554; 5.27942; 
1843.66; 0.279765; 5.36849; 
1852.92; 0.417778; 5.48691; 
1862.18; 0.397621; 5.34874; 
1870.08; 0.478063; 5.20511; 
1879.33; 0.555319; 5.46013; 
1888.6; 0.301316; 5.51448; 
1896.5; 0.537412; 5.13614; 
1905.75; 0.911287; 5.53966; 
1913.66; 0.303902; 5.42108; 
1922.91; 0.289391; 5.60158; 
1932.18; 0.596761; 5.4477; 
1940.08; 0.431601; 5.62337; 
1949.33; 0.185575; 5.74453; 
1957.24; 0.425206; 5.61116; 
1958.6; 0.431601; 5.6892; 
1966.49; 0.99858; 4.94395; 
1975.75; 0.676664; 5.56169; 
1983.66; 0.608451; 5.6561; 
1992.91; 0.253338; 5.61611; 
2002.17; 0.347179; 5.65097; 
2010.07; 0.399585; 5.59752; 
2019.33; 0.298707; 5.76395; 
2027.24; 0.528601; 6.27223; 
2036.49; 0.108352; 6.23524; 
2045.75; 0.0395647; 6.23568; 
2053.66; 0.260947; 6.11677; 
2062.91; 0.320206; 6.26291; 
2072.17; 0.0791294; 6.22617; 
2080.07; 0.0484566; 6.19385; 
2089.33; 0.118694; 6.22819; 
2097.24; 0.165511; 6.25169; 
2106.49; 0.068528; 6.22403; 
2115.75; 0.242283; 6.29862; 
2123.65; 0.137056; 6.18377; 
2132.91; 0.29342; 6.10124; 
2140.82; 0.387654; 6.15594; 
2150.07; 1.27349; 7.36287; 
2159.33; 0.323851; 7.37054; 
2167.23; 0.307741; 7.30578; 
2176.49; 0.362617; 7.39335; 
2185.75; 0.335718; 7.62066; 
2193.65; 0.492578; 7.37022; 
2202.91; 0.320206; 7.5064; 
2210.81; 0.426126; 7.89312; 
2220.07; 0.53008; 8.22376; 
2229.33; 0.253338; 8.05174; 
2237.23; 0.275536; 8.17649; 
2246.49; 0.545364; 8.05325; 
2255.75; 0.310274; 8.22166; 
2263.65; 0.131221; 8.212; 
2272.91; 0.276953; 8.07954; 
2280.81; 0.108352; 8.03079; 
2290.07; 0.344917; 8.30577; 
 ;  ;  ; 
Average;  ;  ; 
Number; 0.415656; 4.08128; 
