# Header: Project1::191205-PA-40-R-002 cleaned-Dil cleaned-Dil::All data::New Misorientation Profile Chart   2/13/2020
# 
Chart:  Misorientation Profile

Column 1: Distance [microns]
Column 2: Point-to-point Misorientation [degrees]
Column 3: Point-to-origin Misorientation [degrees]
0; 0; 0; 
10; 0.625576; 0.625576; 
20; 0.118694; 0.696612; 
30; 0.616755; 0.604579; 
40; 0.311533; 0.508219; 
50; 0.247082; 0.611658; 
60; 0.367973; 0.576073; 
65.5744; 0.148038; 0.559531; 
70; 0.163129; 0.66676; 
75.4983; 0.163129; 0.751734; 
85.44; 0.318981; 0.941284; 
95.3939; 0.189746; 0.87133; 
105.357; 0.856837; 1.10038; 
115.326; 0.376385; 0.877596; 
125.3; 0.176939; 0.908275; 
135.277; 0.153233; 0.900051; 
145.258; 0.148038; 0.97438; 
155.242; 0.327456; 0.860938; 
165.227; 0.335718; 0.786339; 
175.214; 0.163129; 0.858662; 
185.203; 0.0484566; 0.848576; 
195.192; 0.225554; 0.942531; 
200.749; 0.0791294; 1.01991; 
205.183; 0.121947; 1.02336; 
210.713; 0.209357; 1.10889; 
215.174; 0.468972; 1.0245; 
220.681; 0.310274; 1.32766; 
230.651; 0.64407; 1.08354; 
240.624; 0.614212; 0.880712; 
250.599; 0.321425; 0.569239; 
260.576; 0.484568; 0.642853; 
270.555; 0.657897; 0.890873; 
280.535; 0.276953; 0.985165; 
290.517; 0.131221; 1.04305; 
300.5; 0.0791294; 1.10394; 
310.483; 0.068528; 1.06533; 
320.468; 0.422436; 0.91941; 
330.454; 0.384613; 1.12187; 
336.006; 0.364769; 0.860483; 
340.441; 0.125115; 0.928306; 
345.977; 0.245493; 1.02984; 
350.428; 0.0884693; 1.05721; 
355.949; 0.340349; 0.751214; 
365.923; 0.311533; 0.958588; 
375.899; 0.266879; 0.997404; 
385.876; 0.201741; 0.973174; 
395.854; 0.14537; 1.02067; 
405.832; 0.142653; 0.996226; 
415.812; 0.342641; 0.856837; 
425.793; 0.567173; 1.06826; 
435.775; 1.07155; 1.18894; 
445.758; 0.723617; 1.03363; 
455.741; 0.176939; 1.03929; 
465.725; 0.13417; 1.13677; 
475.71; 0.0279765; 1.14876; 
481.248; 0.068528; 1.1347; 
485.695; 0.104678; 1.10924; 
491.223; 0.167859; 1.20203; 
501.199; 0.068528; 1.23353; 
511.175; 0.139882; 1.18035; 
521.153; 0.158259; 1.06899; 
531.131; 0.457996; 1.20073; 
541.11; 0.399585; 0.902657; 
551.09; 0.435213; 1.29119; 
561.07; 0.507449; 0.961848; 
571.052; 0.50513; 1.28329; 
581.034; 0.369035; 1.00366; 
591.016; 0.242283; 1.14261; 
600.999; 0.128204; 1.23226; 
610.983; 0.220287; 1.04792; 
616.523; 0.275536; 1.20008; 
620.967; 0.25793; 0.962255; 
626.498; 0.111906; 1.04305; 
630.952; 0.0927874; 1.11417; 
636.475; 0.335718; 1.01027; 
646.452; 0.597416; 1.32057; 
656.43; 0.354982; 1.16567; 
666.408; 0.57743; 1.04418; 
676.387; 0.482139; 1.33119; 
686.367; 0.250229; 1.35451; 
696.348; 0.243893; 1.3461; 
706.329; 0.372203; 1.13643; 
716.31; 0.205584; 1.32471; 
726.292; 0.23239; 1.13367; 
736.274; 0.0927874; 1.09002; 
746.257; 0.360452; 1.29241; 
751.798; 0.360452; 1.37145; 
756.241; 0.0791294; 1.38903; 
761.774; 0.447624; 0.983176; 
766.224; 0.269795; 0.999364; 
771.751; 0.485375; 1.40137; 
781.729; 0.477244; 0.965098; 
791.707; 0.384613; 1.27441; 
801.686; 0.0839294; 1.24175; 
811.665; 0.209357; 1.16365; 
821.645; 0.275536; 1.37629; 
831.625; 0.302612; 1.25803; 
841.606; 0.558131; 1.49881; 
851.587; 0.282549; 1.75145; 
861.568; 1.01182; 0.849958; 
871.55; 0.768722; 1.29845; 
881.533; 0.300014; 1.22557; 
891.516; 0.520394; 1.26548; 
897.051; 0.633038; 1.26733; 
901.499; 0.475601; 1.64497; 
907.028; 0.474778; 1.43477; 
917.006; 0.481327; 1.69535; 
926.984; 0.409261; 1.71372; 
936.963; 0.399585; 1.51904; 
946.942; 0.348305; 1.5747; 
956.922; 0.328649; 1.64068; 
966.902; 0.266879; 1.77872; 
976.883; 0.559531; 2.03317; 
986.864; 0.220287; 1.85773; 
996.845; 0.24866; 1.73686; 
1006.83; 0.464781; 2.15649; 
1016.81; 0.416841; 1.93472; 
1026.79; 0.234068; 2.05481; 
1032.33; 0.282549; 2.09966; 
1036.77; 0.320206; 1.92132; 
1042.31; 0.179137; 2.06166; 
1046.76; 0.13417; 2.04985; 
1052.28; 0.108352; 2.05671; 
1062.26; 0.282549; 1.79907; 
1072.24; 0.344917; 2.08844; 
1082.22; 0.155766; 2.07415; 
1092.2; 0.268341; 2.04947; 
1102.18; 0.465622; 1.91643; 
1112.16; 0.153233; 2.02197; 
1122.14; 0.0395647; 2.03874; 
1132.12; 0.201741; 2.09854; 
1142.1; 0; 2.1184; 
1152.09; 0.271242; 1.98899; 
1162.07; 0.148038; 1.87889; 
1167.6; 0.234068; 1.81747; 
1172.05; 0.274112; 2.02217; 
1177.58; 0.213062; 1.85836; 
1182.03; 0.386643; 2.17241; 
1187.56; 0.163129; 2.08807; 
1197.54; 0.167859; 2.07113; 
1207.52; 0.329838; 1.96563; 
1217.5; 0.243893; 2.00818; 
1227.48; 0.153233; 1.9331; 
1237.46; 0.364769; 2.27881; 
1247.44; 0.275536; 2.02584; 
1257.42; 0.139882; 1.97378; 
1267.4; 0.205584; 2.03259; 
1277.38; 0.846729; 1.60474; 
1287.36; 0.749127; 2.10413; 
1297.34; 0.326259; 2.07434; 
1307.33; 0.427958; 1.94682; 
1312.86; 0.514343; 2.43976; 
1317.31; 0.303902; 2.54253; 
1322.84; 0.323851; 2.41151; 
1332.82; 0.320206; 2.48758; 
1342.8; 0.242283; 2.7206; 
1352.77; 0.0927874; 2.76059; 
1362.75; 0.158259; 2.65077; 
1372.73; 0.403483; 2.25464; 
1382.71; 0.201741; 2.20265; 
1392.7; 0.656706; 2.07509; 
1402.68; 0.725237; 2.55436; 
1412.66; 0.296075; 2.42947; 
1422.64; 0.758472; 1.68818; 
1432.62; 0.777329; 2.45925; 
1442.6; 0.464781; 2.00682; 
1448.14; 0.388662; 2.38753; 
1452.58; 0.29074; 2.32102; 
1458.12; 0.240663; 2.34785; 
1462.57; 0.23239; 2.36794; 
1468.09; 0.218503; 2.50186; 
1478.07; 0.167859; 2.47053; 
1488.05; 0.153233; 2.52879; 
1498.03; 0.387654; 2.49214; 
1508.01; 0.853175; 2.49716; 
1517.99; 0.343781; 2.62436; 
1527.97; 0.592153; 2.52677; 
1537.95; 0.504354; 2.38688; 
1547.93; 0.269795; 2.54561; 
1557.92; 0.285305; 2.43446; 
1567.9; 0.0791294; 2.49293; 
1577.88; 0.314035; 2.34819; 
1583.41; 0.373253; 2.32524; 
1587.86; 0.278362; 2.32675; 
1593.39; 0.33455; 2.43092; 
1597.84; 0.29074; 2.26918; 
1603.37; 0.316518; 2.54991; 
1613.35; 0.45024; 2.29388; 
1623.33; 0.50513; 2.57542; 
1633.31; 0.163129; 2.51513; 
1643.29; 0.201741; 2.41913; 
1653.27; 2.30953; 2.53914; 
1663.25; 0.520394; 2.46259; 
1673.23; 0.362617; 2.27469; 
1683.21; 0.322641; 2.33532; 
1693.19; 0.616755; 2.86348; 
1703.17; 0.24866; 2.88514; 
1713.16; 0.205584; 2.70848; 
1723.14; 0.53814; 2.44072; 
1728.67; 0.826142; 2.83075; 
1733.12; 0.187672; 2.97348; 
1738.65; 0.76974; 2.21964; 
1748.63; 0.91386; 2.8714; 
1758.61; 0.333378; 3.06414; 
1768.59; 0.418714; 2.84248; 
1778.57; 0.163129; 2.823; 
1788.55; 0.396636; 3.01272; 
1798.53; 0.37115; 2.6966; 
 ;  ;  ; 
Average;  ;  ; 
Number; 0.34331; 1.64877; 
